ls
cargo build
cargo build
exit
ls
test
cargo test
ls
cd ..
ls
./target/debug/ledgerplot -h
./target/debug/ledgerplot --file=/home/rockwolf/ledger-personal/ledger.dat --startyear=choco
./target/debug/ledgerplot --file=/home/rockwolf/ledger-personal/ledger.dat --startyear=choco  --endyear=choco2
./target/debug/ledgerplot --file=/home/rockwolf/doc/ledger-personal/ledger.dat --startyear=choco  --endyear=choco2
./target/debug/ledgerplot --file=/home/rockwolf/doc/ledger-personal/ledger.dat --startyear=2008  --endyear=ch
./target/debug/ledgerplot --file=/home/rockwolf/doc/ledger-personal/ledger.dat --startyear=2008  --endyear=2021
./target/debug/ledgerplot --file=/home/rockwolf/doc/ledger-personal/ledger.dat --startyear=2008  --endyear=2021 --type=IncomeVsExpenses
ls
cargo build
./target/debug/ledgerplot --file=/home/rockwolf/doc/ledger-personal/ledger.dat --startyear=2008  --endyear=2021 --type=IncomeVsExpenses
ls
ls target/debug/
 right: `[34, 50, 48, 48, 56, 45, 48, 49, 45, 48, 57, 32, 50, 46, 53, 56, 34, 50, 48, 48, 56, 45, 48, 49, 45, 51, 49, 32, 49, 52, 51, 50, 46, 56, 57, 34, 50, 48, 48, 56, 45, 48, 50, 45, 50, 57, 32, 49, 52, 51, 54, 46, 48, 55, 34, 50, 48, 48, 56, 45, 48, 51, 45, 51, 49, 32, 49, 52, 51, 54, 46, 48, 54, 34, 50, 48, 48, 56, 45, 48, 52, 45, 48, 56, 32, 54, 46, 55, 53, 34, 50, 48, 48, 56, 45, 48, 52, 45, 51, 48, 32, 49, 54, 54, 51, 46, 55, 51, 34, 50, 48, 48, 56, 45, 48, 53, 45, 51, 48, 32, 49, 52, 54, 49, 46, 53, 56, 34, 50, 48, 48, 56, 45, 48, 54, 45, 51, 48, 32, 49, 52, 48, 57, 46, 49, 51, 34, 50, 48, 48, 56, 45, 48, 55, 45, 48, 56, 32, 49, 51, 46, 49, 54, 34, 50, 48, 48, 56, 45, 48, 55, 45, 51, 49, 32, 49, 52, 50, 48, 46, 48, 52, 34, 50, 48, 48, 56, 45, 48, 56, 45, 50, 57, 32, 49, 52, 48, 56, 46, 48, 53, 34, 50, 48, 48, 56, 45, 48, 57, 45, 51, 48, 32, 49, 52, 48, 53, 46, 56, 54, 34, 50, 48, 48, 56, 45, 49, 48, 45, 48, 56, 32, 54, 46, 53, 57, 34, 50, 48, 48, 56, 45, 49, 48, 45, 51, 49, 32, 49, 52, 49, 55, 46, 56, 57, 34, 50, 48, 48, 56, 45, 49, 49, 45, 48, 51, 32, 54, 48, 46, 53, 57, 34, 50, 48, 48, 56, 45, 49, 49, 45, 50, 56, 32, 49, 52, 50, 50, 46, 50, 53, 34, 50, 48, 48, 56, 45, 49, 50, 45, 50, 51, 32, 50, 51, 57, 53, 46, 49, 51, 34, 50, 48, 48, 56, 45, 48, 49, 45, 48, 50, 32, 49, 50, 46, 52, 50, 34, 50, 48, 48, 56, 45, 48, 49, 45, 48, 50, 32, 50, 46, 55, 49, 34, 50, 48, 48, 56, 45, 48, 49, 45, 48, 50, 32, 48, 46, 49, 34, 50, 48, 48, 56, 45, 48, 49, 45, 51, 49, 32, 50, 48, 34, 50, 48, 48, 57, 45, 48, 52, 45, 48, 57, 32, 49, 48, 48, 48, 34, 50, 48, 48, 57, 45, 48, 49, 45, 48, 57, 32, 55, 46, 49, 56, 34, 50, 48, 48, 57, 45, 48, 49, 45, 51, 48, 32, 49, 53, 48, 55, 46, 51, 53, 34, 50, 48, 48, 57, 45, 48, 50, 45, 50, 55, 32, 49, 55, 54, 49, 46, 51, 53, 34, 50, 48, 48, 57, 45, 48, 51, 45, 51, 49, 32, 49, 53, 49, 48, 46, 50, 53, 34, 50, 48, 48, 57, 45, 48, 52, 45, 48, 56, 32, 49, 46, 48, 49, 34, 50, 48, 48, 57, 45, 48, 52, 45, 51, 48, 32, 50, 53, 57, 49, 46, 48, 51, 34, 50, 48, 48, 57, 45, 48, 52, 45, 51, 48, 32, 53, 56, 50, 46, 51, 50, 34, 50, 48, 48, 57, 45, 48, 53, 45, 48, 53, 32, 50, 48, 46, 50, 49, 34, 50, 48, 48, 57, 45, 48, 53, 45, 48, 54, 32, 53, 53, 54, 34, 50, 48, 48, 57, 45, 48, 53, 45, 50, 54, 32, 49, 49, 46, 48, 50, 34, 50, 48, 48, 57, 45, 48, 53, 45, 50, 57, 32, 49, 54, 48, 54, 46, 48, 53, 34, 50, 48, 48, 57, 45, 48, 54, 45, 51, 48, 32, 49, 53, 48, 56, 46, 54, 57, 34, 50, 48, 48, 57, 45, 48, 55, 45, 51, 49, 32, 49, 52, 57, 48, 46, 54, 49, 34, 50, 48, 48, 57, 45, 48, 56, 45, 50, 52, 32, 53, 57, 46, 48, 52, 48, 54, 34, 50, 48, 48, 57, 45, 48, 56, 45, 51, 49, 32, 49, 53, 49, 56, 46, 54, 34, 50, 48, 48, 57, 45, 48, 57, 45, 51, 48, 32, 51, 56, 50, 48, 46, 55, 49, 34, 50, 48, 48, 57, 45, 49, 48, 45, 48, 57, 32, 54, 55, 54, 46, 54, 57, 34, 50, 48, 48, 57, 45, 49, 48, 45, 50, 55, 32, 49, 48, 48, 48, 34, 50, 48, 48, 57, 45, 49, 49, 45, 48, 50, 32, 54, 52, 46, 55, 34, 50, 48, 48, 57, 45, 49, 49, 45, 48, 54, 32, 51, 57, 52, 46, 53, 53, 34, 50, 48, 48, 57, 45, 49, 49, 45, 50, 52, 32, 49, 56, 51, 46, 49, 51, 34, 50, 48, 48, 57, 45, 49, 49, 45, 51, 48, 32, 49, 48, 48, 48, 34, 50, 48, 48, 57, 45, 49, 50, 45, 48, 52, 32, 51, 57, 52, 46, 53, 53, 34, 50, 48, 48, 57, 45, 49, 50, 45, 49, 49, 32, 50, 55, 56, 46, 50, 50, 34, 50, 48, 48, 57, 45, 49, 50, 45, 49, 56, 32, 49, 46, 51, 50, 34, 50, 48, 48, 57, 45, 49, 50, 45, 50, 56, 32, 49, 49, 48, 48, 34, 50, 48, 48, 57, 45, 48, 49, 45, 48, 50, 32, 48, 46, 51, 54, 34, 50, 48, 48, 57, 45, 48, 49, 45, 48, 50, 32, 49, 46, 48, 49, 34, 50, 48, 48, 57, 45, 48, 49, 45, 48, 50, 32, 50, 52, 46, 51, 53, 34, 50, 48, 48, 57, 45, 48, 49, 45, 50, 57, 32, 53, 54, 55, 46, 53, 53, 34, 50, 48, 48, 57, 45, 48, 52, 45, 50, 57, 32, 49, 48, 53, 46, 52, 53, 34, 50, 48, 48, 57, 45, 48, 54, 45, 48, 50, 32, 49, 49, 49, 50, 46, 50, 48, 48, 57, 50, 53, 34, 50, 48, 48, 57, 45, 48, 56, 45, 50, 48, 32, 49, 50, 48, 46, 50, 34, 50, 48, 48, 57, 45, 48, 56, 45, 50, 49, 32, 55, 53, 46, 49, 54, 34, 50, 48, 48, 57, 45, 48, 56, 45, 50, 53, 32, 55, 50, 46, 56, 57, 52, 54, 51, 34, 50, 48, 48, 57, 45, 48, 56, 45, 50, 55, 32, 50, 46, 55, 57, 50, 55, 57, 34, 50, 48, 48, 57, 45, 48, 57, 45, 48, 56, 32, 49, 57, 46, 50, 52, 48, 52, 53, 34, 50, 48, 48, 57, 45, 48, 57, 45, 48, 57, 32, 49, 48, 46, 50, 50, 48, 55, 50, 34, 50, 48, 48, 57, 45, 48, 57, 45, 49, 48, 32, 49, 51, 56, 55, 46, 56, 57, 51, 50, 34, 50, 48, 48, 57, 45, 49, 48, 45, 49, 53, 32, 57, 55, 46, 49, 52, 57, 51, 54, 34, 50, 48, 48, 57, 45, 49, 48, 45, 49, 53, 32, 49, 51, 54, 46, 55, 57, 57, 51, 55, 34, 50, 48, 49, 48, 45, 48, 49, 45, 49, 49, 32, 48, 46, 56, 57, 34, 50, 48, 49, 48, 45, 48, 49, 45, 49, 50, 32, 49, 53, 50, 46, 52, 55, 34, 50, 48, 49, 48, 45, 48, 49, 45, 50, 57, 32, 49, 51, 57, 52, 46, 53, 53, 34, 50, 48, 49, 48, 45, 48, 51, 45, 48, 50, 32, 49, 51, 57, 48, 46, 53, 52, 34, 50, 48, 49, 48, 45, 48, 51, 45, 51, 48, 32, 49, 51, 57, 48, 46, 53, 52, 34, 50, 48, 49, 48, 45, 48, 52, 45, 50, 48, 32, 48, 46, 49, 53, 34, 50, 48, 49, 48, 45, 48, 52, 45, 50, 48, 32, 48, 46, 48, 55, 34, 50, 48, 49, 48, 45, 48, 52, 45, 50, 55, 32, 49, 51, 57, 48, 46, 53, 52, 34, 50, 48, 49, 48, 45, 48, 53, 45, 50, 54, 32, 49, 57, 46, 50, 50, 34, 50, 48, 49, 48, 45, 48, 53, 45, 51, 49, 32, 49, 48, 55, 51, 46, 54, 57, 34, 50, 48, 49, 48, 45, 48, 54, 45, 51, 48, 32, 49, 52, 49, 57, 46, 52, 52, 34, 50, 48, 49, 48, 45, 48, 55, 45, 50, 55, 32, 49, 51, 48, 48, 34, 50, 48, 49, 48, 45, 48, 56, 45, 48, 54, 32, 57, 48, 46, 53, 52, 34, 50, 48, 49, 48, 45, 48, 56, 45, 50, 55, 32, 49, 51, 57, 48, 46, 53, 52, 34, 50, 48, 49, 48, 45, 48, 57, 45, 50, 57, 32, 49, 51, 57, 48, 46, 56, 53, 34, 50, 48, 49, 48, 45, 49, 48, 45, 48, 53, 32, 53, 53, 46, 50, 54, 34, 50, 48, 49, 48, 45, 49, 48, 45, 50, 55, 32, 49, 51, 57, 48, 46, 56, 53, 34, 50, 48, 49, 48, 45, 49, 49, 45, 48, 50, 32, 55, 50, 46, 50, 50, 34, 50, 48, 49, 48, 45, 49, 49, 45, 49, 50, 32, 53, 55, 46, 54, 56, 34, 50, 48, 49, 48, 45, 49, 49, 45, 50, 57, 32, 49, 51, 57, 48, 46, 56, 53, 34, 50, 48, 49, 48, 45, 49, 50, 45, 49, 55, 32, 57, 56, 57, 46, 51, 57, 34, 50, 48, 49, 48, 45, 49, 50, 45, 50, 56, 32, 49, 51, 53, 56, 46, 49, 55, 34, 50, 48, 49, 48, 45, 48, 49, 45, 48, 52, 32, 48, 46, 50, 57, 34, 50, 48, 49, 48, 45, 48, 49, 45, 48, 52, 32, 50, 57, 46, 51, 49, 34, 50, 48, 49, 48, 45, 48, 49, 45, 48, 56, 32, 49, 54, 55, 46, 51, 55, 51, 34, 50, 48, 49, 48, 45, 48, 50, 45, 48, 53, 32, 50, 56, 46, 54, 55, 50, 34, 50, 48, 49, 48, 45, 48, 52, 45, 49, 53, 32, 50, 49, 53, 54, 46, 53, 52, 52, 34, 50, 48, 49, 48, 45, 48, 52, 45, 50, 55, 32, 52, 53, 54, 46, 54, 51, 48, 54, 56, 34, 50, 48, 49, 48, 45, 48, 52, 45, 50, 57, 32, 52, 53, 48, 46, 57, 34, 50, 48, 49, 48, 45, 48, 56, 45, 48, 50, 32, 52, 53, 49, 46, 50, 53, 34, 50, 48, 49, 48, 45, 48, 57, 45, 48, 51, 32, 49, 52, 46, 56, 50, 34, 50, 48, 49, 48, 45, 49, 49, 45, 49, 57, 32, 55, 51, 56, 46, 57, 54, 53, 53, 34, 50, 48, 49, 49, 45, 48, 49, 45, 51, 49, 32, 49, 52, 50, 53, 46, 51, 50, 34, 50, 48, 49, 49, 45, 48, 51, 45, 48, 49, 32, 49, 52, 50, 53, 46, 51, 49, 34, 50, 48, 49, 49, 45, 48, 52, 45, 48, 49, 32, 49, 52, 50, 53, 46, 51, 50, 34, 50, 48, 49, 49, 45, 48, 52, 45, 50, 56, 32, 49, 52, 50, 53, 46, 57, 34, 50, 48, 49, 49, 45, 48, 53, 45, 49, 56, 32, 49, 48, 49, 57, 46, 56, 49, 34, 50, 48, 49, 49, 45, 48, 53, 45, 50, 53, 32, 50, 57, 46, 48, 52, 56, 56, 56, 57, 34, 50, 48, 49, 49, 45, 48, 53, 45, 50, 53, 32, 49, 50, 46, 53, 34, 50, 48, 49, 49, 45, 48, 53, 45, 51, 48, 32, 53, 48, 34, 50, 48, 49, 49, 45, 48, 53, 45, 51, 48, 32, 54, 53, 34, 50, 48, 49, 49, 45, 48, 54, 45, 48, 49, 32, 49, 52, 51, 51, 46, 55, 50, 34, 50, 48, 49, 49, 45, 48, 54, 45, 51, 48, 32, 49, 52, 51, 51, 46, 55, 50, 34, 50, 48, 49, 49, 45, 48, 55, 45, 50, 56, 32, 49, 50, 48, 51, 46, 48, 53, 34, 50, 48, 49, 49, 45, 48, 56, 45, 49, 54, 32, 50, 51, 48, 46, 54, 55, 34, 50, 48, 49, 49, 45, 48, 56, 45, 50, 57, 32, 49, 52, 51, 51, 46, 55, 49, 34, 50, 48, 49, 49, 45, 48, 57, 45, 48, 53, 32, 51, 48, 34, 50, 48, 49, 49, 45, 48, 57, 45, 48, 54, 32, 50, 56, 46, 56, 51, 53, 34, 50, 48, 49, 49, 45, 48, 57, 45, 50, 56, 32, 49, 52, 51, 51, 46, 55, 50, 34, 50, 48, 49, 49, 45, 49, 48, 45, 50, 55, 32, 49, 52, 51, 51, 46, 55, 50, 34, 50, 48, 49, 49, 45, 49, 49, 45, 48, 52, 32, 53, 34, 50, 48, 49, 49, 45, 49, 49, 45, 50, 51, 32, 49, 49, 55, 48, 46, 56, 52, 34, 50, 48, 49, 49, 45, 49, 49, 45, 51, 48, 32, 49, 52, 51, 51, 46, 55, 49, 34, 50, 48, 49, 49, 45, 49, 50, 45, 49, 54, 32, 49, 48, 49, 52, 46, 48, 51, 34, 50, 48, 49, 49, 45, 49, 50, 45, 51, 48, 32, 49, 52, 48, 53, 46, 51, 49, 34, 50, 48, 49, 49, 45, 48, 49, 45, 48, 51, 32, 51, 49, 46, 52, 54, 34, 50, 48, 49, 49, 45, 48, 49, 45, 48, 51, 32, 49, 48, 46, 56, 55, 34, 50, 48, 49, 49, 45, 48, 49, 45, 48, 55, 32, 57, 49, 50, 46, 57, 49, 55, 53, 34, 50, 48, 49, 49, 45, 48, 50, 45, 50, 53, 32, 49, 54, 54, 48, 46, 55, 51, 34, 50, 48, 49, 49, 45, 48, 53, 45, 48, 53, 32, 52, 57, 46, 54, 48, 49, 49, 54, 34, 50, 48, 49, 49, 45, 48, 53, 45, 49, 54, 32, 49, 48, 48, 46, 56, 49, 55, 55, 55, 56, 34, 50, 48, 49, 49, 45, 48, 53, 45, 50, 53, 32, 49, 52, 46, 54, 53, 34, 50, 48, 49, 49, 45, 48, 53, 45, 50, 55, 32, 52, 50, 50, 46, 52, 57, 34, 50, 48, 49, 49, 45, 48, 55, 45, 49, 57, 32, 55, 50, 52, 46, 51, 57, 51, 52, 34, 50, 48, 49, 49, 45, 48, 55, 45, 50, 57, 32, 57, 49, 48, 46, 53, 57, 34, 50, 48, 49, 49, 45, 48, 57, 45, 48, 54, 32, 50, 49, 46, 57, 54, 34, 50, 48, 49, 49, 45, 49, 48, 45, 50, 56, 32, 50, 54, 53, 46, 49, 53, 57, 51, 57, 34, 50, 48, 49, 49, 45, 49, 48, 45, 50, 56, 32, 50, 55, 56, 46, 56, 52, 48, 50, 49, 34, 50, 48, 49, 49, 45, 49, 49, 45, 48, 49, 32, 50, 54, 52, 50, 46, 57, 51, 34, 50, 48, 49, 49, 45, 49, 49, 45, 49, 53, 32, 49, 54, 48, 46, 57, 34, 50, 48, 49, 49, 45, 49, 49, 45, 50, 49, 32, 50, 50, 57, 46, 50, 48, 51, 34, 50, 48, 49, 49, 45, 49, 50, 45, 51, 49, 32, 49, 57, 49, 46, 57, 54, 56, 34, 50, 48, 49, 50, 45, 48, 49, 45, 49, 55, 32, 55, 48, 34, 50, 48, 49, 50, 45, 48, 49, 45, 51, 48, 32, 49, 52, 55, 50, 46, 55, 51, 34, 50, 48, 49, 50, 45, 48, 51, 45, 48, 49, 32, 49, 52, 55, 51, 46, 54, 51, 34, 50, 48, 49, 50, 45, 48, 51, 45, 50, 54, 32, 50, 52, 48, 34, 50, 48, 49, 50, 45, 48, 52, 45, 48, 50, 32, 49, 52, 55, 51, 46, 54, 51, 34, 50, 48, 49, 50, 45, 48, 52, 45, 50, 55, 32, 49, 52, 55, 51, 46, 54, 51, 34, 50, 48, 49, 50, 45, 48, 53, 45, 50, 51, 32, 49, 48, 53, 46, 54, 56, 34, 50, 48, 49, 50, 45, 48, 53, 45, 50, 51, 32, 49, 48, 53, 53, 46, 49, 51, 34, 50, 48, 49, 50, 45, 48, 53, 45, 50, 57, 32, 49, 52, 55, 51, 46, 54, 51, 34, 50, 48, 49, 50, 45, 48, 55, 45, 48, 51, 32, 49, 52, 55, 51, 46, 54, 51, 34, 50, 48, 49, 50, 45, 48, 56, 45, 48, 49, 32, 49, 52, 55, 51, 46, 54, 51, 34, 50, 48, 49, 50, 45, 48, 56, 45, 51, 48, 32, 49, 52, 55, 51, 46, 54, 51, 34, 50, 48, 49, 50, 45, 49, 48, 45, 48, 49, 32, 49, 52, 55, 51, 46, 54, 51, 34, 50, 48, 49, 50, 45, 49, 48, 45, 51, 48, 32, 49, 52, 55, 51, 46, 54, 51, 34, 50, 48, 49, 50, 45, 49, 49, 45, 50, 57, 32, 49, 52, 55, 51, 46, 54, 51, 34, 50, 48, 49, 50, 45, 49, 50, 45, 48, 55, 32, 50, 53, 34, 50, 48, 49, 50, 45, 49, 50, 45, 49, 57, 32, 49, 48, 52, 57, 46, 51, 50, 34, 50, 48, 49, 50, 45, 48, 49, 45, 48, 50, 32, 54, 46, 48, 49, 34, 50, 48, 49, 50, 45, 48, 49, 45, 48, 50, 32, 50, 57, 46, 50, 54, 34, 50, 48, 49, 50, 45, 48, 55, 45, 51, 48, 32, 53, 34, 50, 48, 49, 50, 45, 48, 53, 45, 49, 48, 32, 49, 55, 50, 34, 50, 48, 49, 50, 45, 48, 53, 45, 49, 48, 32, 55, 50, 46, 52, 52, 34, 50, 48, 49, 50, 45, 48, 53, 45, 50, 51, 32, 56, 51, 34, 50, 48, 49, 50, 45, 48, 53, 45, 50, 52, 32, 49, 54, 54, 46, 56, 50, 34, 50, 48, 49, 50, 45, 48, 53, 45, 51, 49, 32, 54, 55, 55, 46, 56, 49, 34, 50, 48, 49, 50, 45, 48, 54, 45, 48, 54, 32, 49, 51, 48, 46, 50, 34, 50, 48, 49, 50, 45, 48, 55, 45, 50, 55, 32, 55, 48, 46, 49, 57, 34, 50, 48, 49, 50, 45, 48, 56, 45, 51, 49, 32, 55, 52, 53, 46, 51, 51, 34, 50, 48, 49, 50, 45, 48, 57, 45, 50, 49, 32, 49, 50, 50, 56, 46, 50, 54, 34, 50, 48, 49, 50, 45, 49, 48, 45, 50, 53, 32, 50, 48, 54, 46, 54, 55, 34, 50, 48, 49, 50, 45, 49, 50, 45, 49, 55, 32, 54, 52, 57, 46, 57, 50, 54, 52, 53, 54, 34, 50, 48, 49, 51, 45, 48, 49, 45, 48, 50, 32, 49, 52, 53, 57, 46, 48, 56, 34, 50, 48, 49, 51, 45, 48, 50, 45, 48, 49, 32, 49, 53, 49, 51, 46, 50, 51, 34, 50, 48, 49, 51, 45, 48, 51, 45, 48, 52, 32, 50, 49, 51, 46, 53, 57, 34, 50, 48, 49, 51, 45, 48, 51, 45, 48, 54, 32, 49, 53, 49, 51, 46, 50, 51, 34, 50, 48, 49, 51, 45, 48, 52, 45, 48, 51, 32, 49, 53, 49, 51, 46, 50, 51, 34, 50, 48, 49, 51, 45, 48, 52, 45, 50, 50, 32, 52, 50, 57, 34, 50, 48, 49, 51, 45, 48, 52, 45, 51, 48, 32, 49, 53, 49, 52, 46, 48, 54, 34, 50, 48, 49, 51, 45, 48, 53, 45, 50, 57, 32, 51, 50, 50, 46, 54, 53, 34, 50, 48, 49, 51, 45, 48, 53, 45, 50, 57, 32, 56, 50, 46, 56, 34, 50, 48, 49, 51, 45, 48, 54, 45, 48, 52, 32, 49, 52, 55, 55, 46, 56, 55, 34, 50, 48, 49, 51, 45, 48, 54, 45, 48, 54, 32, 49, 49, 54, 54, 46, 50, 56, 34, 50, 48, 49, 51, 45, 48, 54, 45, 50, 52, 32, 49, 56, 56, 46, 57, 57, 34, 50, 48, 49, 51, 45, 48, 55, 45, 48, 49, 32, 49, 53, 49, 52, 46, 48, 54, 34, 50, 48, 49, 51, 45, 48, 55, 45, 51, 48, 32, 50, 48, 48, 46, 54, 53, 34, 50, 48, 49, 51, 45, 48, 56, 45, 48, 49, 32, 49, 53, 49, 52, 46, 48, 54, 34, 50, 48, 49, 51, 45, 48, 56, 45, 48, 50, 32, 54, 55, 48, 46, 53, 51, 57, 57, 54, 54, 34, 50, 48, 49, 51, 45, 48, 56, 45, 51, 48, 32, 49, 53, 49, 52, 46, 48, 54, 34, 50, 48, 49, 51, 45, 48, 57, 45, 48, 52, 32, 49, 54, 57, 46, 50, 53, 34, 50, 48, 49, 51, 45, 49, 48, 45, 48, 50, 32, 49, 53, 49, 52, 46, 48, 54, 34, 50, 48, 49, 51, 45, 49, 48, 45, 48, 56, 32, 49, 46, 53, 53, 34, 50, 48, 49, 51, 45, 49, 48, 45, 49, 55, 32, 57, 56, 46, 55, 56, 34, 50, 48, 49, 51, 45, 49, 48, 45, 50, 56, 32, 49, 53, 49, 52, 46, 48, 54, 34, 50, 48, 49, 51, 45, 49, 50, 45, 48, 50, 32, 49, 53, 49, 52, 46, 48, 54, 34, 50, 48, 49, 51, 45, 49, 50, 45, 49, 55, 32, 49, 48, 55, 51, 46, 57, 55, 34, 50, 48, 49, 51, 45, 49, 50, 45, 50, 48, 32, 56, 53, 49, 46, 52, 34, 50, 48, 49, 51, 45, 49, 50, 45, 51, 48, 32, 49, 53, 56, 57, 46, 49, 52, 34, 50, 48, 49, 51, 45, 48, 49, 45, 48, 50, 32, 51, 49, 46, 54, 56, 34, 50, 48, 49, 51, 45, 48, 49, 45, 48, 50, 32, 55, 46, 55, 51, 34, 50, 48, 49, 51, 45, 48, 51, 45, 49, 56, 32, 55, 48, 34, 50, 48, 49, 51, 45, 49, 48, 45, 48, 50, 32, 51, 46, 55, 49, 34, 50, 48, 49, 51, 45, 48, 49, 45, 51, 48, 32, 50, 49, 52, 52, 46, 53, 49, 51, 50, 34, 50, 48, 49, 51, 45, 48, 52, 45, 50, 50, 32, 49, 56, 51, 46, 48, 54, 34, 50, 48, 49, 51, 45, 48, 52, 45, 51, 48, 32, 49, 54, 54, 46, 56, 50, 34, 50, 48, 49, 51, 45, 48, 53, 45, 50, 48, 32, 55, 56, 46, 55, 52, 34, 50, 48, 49, 51, 45, 48, 53, 45, 50, 57, 32, 54, 54, 46, 52, 34, 50, 48, 49, 51, 45, 48, 54, 45, 48, 52, 32, 49, 51, 48, 46, 50, 34, 50, 48, 49, 51, 45, 48, 54, 45, 48, 55, 32, 54, 52, 51, 46, 52, 57, 34, 50, 48, 49, 51, 45, 48, 54, 45, 48, 55, 32, 55, 56, 46, 51, 34, 50, 48, 49, 51, 45, 48, 55, 45, 49, 53, 32, 53, 53, 51, 46, 51, 51, 34, 50, 48, 49, 51, 45, 48, 57, 45, 50, 51, 32, 57, 57, 46, 54, 34, 50, 48, 49, 51, 45, 49, 48, 45, 50, 52, 32, 49, 50, 52, 53, 46, 48, 49, 48, 53, 34, 50, 48, 49, 51, 45, 49, 49, 45, 50, 48, 32, 50, 48, 54, 46, 54, 55, 34, 50, 48, 49, 52, 45, 48, 49, 45, 48, 57, 32, 49, 46, 55, 52, 34, 50, 48, 49, 52, 45, 48, 49, 45, 50, 55, 32, 51, 48, 34, 50, 48, 49, 52, 45, 48, 49, 45, 51, 49, 32, 49, 55, 49, 48, 46, 52, 57, 34, 50, 48, 49, 52, 45, 48, 50, 45, 50, 56, 32, 49, 54, 57, 55, 46, 53, 57, 34, 50, 48, 49, 52, 45, 48, 51, 45, 51, 49, 32, 49, 55, 48, 52, 46, 48, 52, 34, 50, 48, 49, 52, 45, 48, 52, 45, 48, 56, 32, 49, 46, 51, 34, 50, 48, 49, 52, 45, 48, 52, 45, 51, 48, 32, 49, 54, 57, 55, 46, 53, 57, 34, 50, 48, 49, 52, 45, 48, 53, 45, 50, 48, 32, 49, 50, 48, 49, 46, 50, 56, 34, 50, 48, 49, 52, 45, 48, 54, 45, 48, 50, 32, 49, 54, 55, 54, 46, 54, 52, 34, 50, 48, 49, 52, 45, 48, 54, 45, 50, 54, 32, 49, 54, 57, 49, 46, 49, 52, 34, 50, 48, 49, 52, 45, 48, 55, 45, 50, 57, 32, 49, 54, 50, 54, 46, 54, 52, 34, 50, 48, 49, 52, 45, 48, 56, 45, 50, 56, 32, 49, 54, 57, 55, 46, 53, 57, 34, 50, 48, 49, 52, 45, 48, 57, 45, 50, 57, 32, 49, 55, 49, 48, 46, 52, 57, 34, 50, 48, 49, 52, 45, 49, 48, 45, 48, 56, 32, 49, 46, 51, 54, 34, 50, 48, 49, 52, 45, 49, 48, 45, 50, 52, 32, 49, 53, 48, 48, 34, 50, 48, 49, 52, 45, 49, 49, 45, 48, 51, 32, 49, 53, 48, 34, 50, 48, 49, 52, 45, 49, 49, 45, 48, 54, 32, 50, 48, 52, 46, 48, 52, 34, 50, 48, 49, 52, 45, 49, 49, 45, 50, 55, 32, 49, 54, 56, 52, 46, 54, 57, 34, 50, 48, 49, 52, 45, 49, 50, 45, 49, 57, 32, 49, 49, 51, 54, 46, 48, 54, 34, 50, 48, 49, 52, 45, 49, 50, 45, 50, 51, 32, 49, 54, 55, 48, 46, 55, 53, 34, 50, 48, 49, 52, 45, 48, 49, 45, 48, 50, 32, 50, 53, 46, 57, 50, 34, 50, 48, 49, 52, 45, 48, 49, 45, 48, 50, 32, 54, 46, 57, 54, 34, 50, 48, 49, 52, 45, 48, 52, 45, 48, 49, 32, 49, 46, 49, 49, 34, 50, 48, 49, 52, 45, 48, 55, 45, 48, 49, 32, 50, 46, 51, 34, 50, 48, 49, 52, 45, 49, 48, 45, 48, 49, 32, 52, 46, 52, 55, 34, 50, 48, 49, 52, 45, 48, 50, 45, 49, 55, 32, 51, 51, 53, 46, 56, 54, 53, 54, 34, 50, 48, 49, 52, 45, 48, 50, 45, 49, 56, 32, 49, 56, 53, 46, 56, 57, 34, 50, 48, 49, 52, 45, 48, 53, 45, 48, 54, 32, 49, 54, 54, 46, 56, 50, 34, 50, 48, 49, 52, 45, 48, 53, 45, 49, 54, 32, 56, 48, 46, 56, 54, 34, 50, 48, 49, 52, 45, 48, 53, 45, 50, 56, 32, 51, 53, 46, 48, 57, 34, 50, 48, 49, 52, 45, 48, 54, 45, 48, 54, 32, 49, 53, 49, 46, 53, 34, 50, 48, 49, 52, 45, 48, 54, 45, 48, 54, 32, 53, 57, 52, 34, 50, 48, 49, 52, 45, 48, 54, 45, 49, 49, 32, 49, 51, 48, 46, 50, 34, 50, 48, 49, 52, 45, 48, 57, 45, 48, 53, 32, 50, 51, 46, 52, 34, 50, 48, 49, 52, 45, 48, 57, 45, 49, 54, 32, 57, 57, 55, 54, 46, 56, 55, 52, 50, 54, 34, 50, 48, 49, 52, 45, 49, 48, 45, 49, 53, 32, 49, 50, 52, 46, 53, 34, 50, 48, 49, 52, 45, 49, 50, 45, 48, 49, 32, 56, 51, 53, 46, 53, 53, 49, 34, 50, 48, 49, 52, 45, 49, 50, 45, 49, 55, 32, 49, 46, 50, 34, 50, 48, 49, 53, 45, 48, 49, 45, 50, 54, 32, 50, 48, 34, 50, 48, 49, 53, 45, 48, 49, 45, 48, 57, 32, 49, 46, 55, 57, 34, 50, 48, 49, 53, 45, 48, 50, 45, 48, 53, 32, 49, 54, 55, 53, 46, 52, 51, 34, 50, 48, 49, 53, 45, 48, 50, 45, 50, 54, 32, 49, 50, 48, 34, 50, 48, 49, 53, 45, 48, 50, 45, 50, 54, 32, 49, 54, 55, 49, 46, 49, 49, 34, 50, 48, 49, 53, 45, 48, 51, 45, 51, 48, 32, 49, 54, 56, 52, 46, 48, 49, 34, 50, 48, 49, 53, 45, 48, 52, 45, 49, 48, 32, 49, 46, 55, 53, 34, 50, 48, 49, 53, 45, 48, 52, 45, 51, 48, 32, 49, 54, 52, 53, 46, 51, 34, 50, 48, 49, 53, 45, 48, 53, 45, 50, 48, 32, 49, 49, 52, 55, 46, 49, 51, 34, 50, 48, 49, 53, 45, 48, 53, 45, 50, 57, 32, 49, 54, 53, 49, 46, 55, 49, 34, 50, 48, 49, 53, 45, 48, 54, 45, 48, 52, 32, 49, 50, 53, 34, 50, 48, 49, 53, 45, 48, 54, 45, 50, 53, 32, 49, 54, 55, 51, 46, 50, 55, 34, 50, 48, 49, 53, 45, 48, 55, 45, 51, 48, 32, 49, 53, 57, 53, 46, 56, 54, 34, 50, 48, 49, 53, 45, 48, 56, 45, 50, 56, 32, 49, 54, 55, 57, 46, 55, 50, 34, 50, 48, 49, 53, 45, 48, 57, 45, 50, 53, 32, 49, 54, 46, 48, 54, 34, 50, 48, 49, 53, 45, 48, 57, 45, 50, 53, 32, 49, 54, 50, 50, 46, 53, 53, 34, 50, 48, 49, 53, 45, 49, 48, 45, 50, 56, 32, 49, 54, 52, 54, 46, 49, 55, 34, 50, 48, 49, 53, 45, 49, 49, 45, 49, 48, 32, 50, 48, 34, 50, 48, 49, 53, 45, 49, 49, 45, 49, 54, 32, 49, 53, 48, 48, 34, 50, 48, 49, 53, 45, 49, 49, 45, 50, 54, 32, 49, 54, 49, 52, 46, 52, 55, 34, 50, 48, 49, 53, 45, 49, 50, 45, 49, 54, 32, 49, 49, 51, 54, 46, 52, 34, 50, 48, 49, 53, 45, 49, 50, 45, 50, 56, 32, 49, 53, 54, 49, 46, 56, 51, 34, 50, 48, 49, 53, 45, 48, 49, 45, 48, 50, 32, 50, 55, 46, 52, 52, 34, 50, 48, 49, 53, 45, 48, 49, 45, 48, 50, 32, 51, 46, 55, 49, 34, 50, 48, 49, 53, 45, 48, 52, 45, 48, 49, 32, 52, 46, 53, 54, 34, 50, 48, 49, 53, 45, 48, 54, 45, 49, 53, 32, 57, 48, 34, 50, 48, 49, 53, 45, 48, 55, 45, 48, 49, 32, 49, 46, 55, 55, 34, 50, 48, 49, 53, 45, 49, 48, 45, 48, 49, 32, 51, 46, 49, 52, 34, 50, 48, 49, 53, 45, 49, 48, 45, 49, 50, 32, 51, 48, 48, 34, 50, 48, 49, 53, 45, 49, 50, 45, 48, 56, 32, 52, 51, 57, 46, 54, 51, 34, 50, 48, 49, 53, 45, 48, 51, 45, 48, 50, 32, 52, 53, 57, 46, 48, 54, 57, 54, 34, 50, 48, 49, 53, 45, 48, 52, 45, 50, 57, 32, 49, 50, 52, 46, 53, 34, 50, 48, 49, 53, 45, 48, 53, 45, 49, 50, 32, 49, 51, 52, 46, 50, 52, 56, 52, 34, 50, 48, 49, 53, 45, 48, 53, 45, 50, 48, 32, 52, 54, 46, 56, 34, 50, 48, 49, 53, 45, 48, 53, 45, 50, 54, 32, 57, 56, 46, 52, 34, 50, 48, 49, 53, 45, 48, 53, 45, 50, 54, 32, 51, 54, 51, 34, 50, 48, 49, 53, 45, 48, 54, 45, 48, 57, 32, 49, 54, 56, 34, 50, 48, 49, 53, 45, 48, 57, 45, 49, 52, 32, 51, 50, 46, 56, 34, 50, 48, 49, 53, 45, 49, 48, 45, 49, 53, 32, 49, 50, 52, 46, 53, 34, 50, 48, 49, 53, 45, 49, 48, 45, 50, 57, 32, 51, 56, 48, 46, 50, 51, 55, 57, 34, 50, 48, 49, 54, 45, 48, 49, 45, 48, 52, 32, 53, 34, 50, 48, 49, 54, 45, 48, 49, 45, 50, 54, 32, 49, 53, 52, 51, 46, 52, 56, 34, 50, 48, 49, 54, 45, 48, 50, 45, 50, 54, 32, 49, 53, 53, 48, 46, 52, 57, 34, 50, 48, 49, 54, 45, 48, 51, 45, 50, 52, 32, 49, 53, 52, 49, 46, 50, 57, 34, 50, 48, 49, 54, 45, 48, 52, 45, 50, 56, 32, 49, 53, 53, 48, 46, 52, 56, 34, 50, 48, 49, 54, 45, 48, 53, 45, 49, 56, 32, 49, 49, 52, 50, 46, 54, 51, 34, 50, 48, 49, 54, 45, 48, 53, 45, 50, 55, 32, 49, 53, 52, 52, 46, 53, 54, 34, 50, 48, 49, 54, 45, 48, 54, 45, 50, 57, 32, 49, 55, 50, 56, 46, 55, 54, 34, 50, 48, 49, 54, 45, 48, 55, 45, 50, 57, 32, 49, 54, 51, 48, 46, 51, 55, 34, 50, 48, 49, 54, 45, 48, 56, 45, 51, 48, 32, 49, 54, 49, 52, 46, 48, 50, 34, 50, 48, 49, 54, 45, 48, 57, 45, 50, 57, 32, 49, 54, 49, 50, 46, 57, 51, 34, 50, 48, 49, 54, 45, 49, 48, 45, 50, 56, 32, 49, 54, 49, 54, 46, 50, 34, 50, 48, 49, 54, 45, 49, 49, 45, 50, 56, 32, 49, 54, 49, 55, 46, 50, 57, 34, 50, 48, 49, 54, 45, 49, 50, 45, 49, 54, 32, 49, 50, 49, 48, 46, 53, 53, 34, 50, 48, 49, 54, 45, 49, 50, 45, 50, 56, 32, 49, 53, 57, 56, 46, 53, 34, 50, 48, 49, 54, 45, 48, 49, 45, 48, 52, 32, 52, 46, 53, 53, 34, 50, 48, 49, 54, 45, 48, 49, 45, 48, 52, 32, 50, 50, 46, 56, 55, 34, 50, 48, 49, 54, 45, 48, 50, 45, 50, 57, 32, 51, 53, 34, 50, 48, 49, 54, 45, 48, 52, 45, 48, 49, 32, 50, 48, 46, 50, 52, 34, 50, 48, 49, 54, 45, 48, 55, 45, 48, 49, 32, 53, 46, 49, 51, 34, 50, 48, 49, 54, 45, 49, 48, 45, 48, 49, 32, 50, 46, 52, 34, 50, 48, 49, 54, 45, 48, 53, 45, 48, 51, 32, 54, 48, 46, 52, 34, 50, 48, 49, 54, 45, 48, 53, 45, 48, 57, 32, 49, 50, 52, 46, 53, 34, 50, 48, 49, 54, 45, 48, 53, 45, 49, 51, 32, 52, 56, 34, 50, 48, 49, 54, 45, 48, 53, 45, 49, 55, 32, 50, 55, 50, 46, 53, 56, 34, 50, 48, 49, 54, 45, 48, 53, 45, 49, 55, 32, 49, 50, 57, 46, 51, 54, 34, 50, 48, 49, 54, 45, 48, 53, 45, 50, 53, 32, 54, 53, 46, 54, 34, 50, 48, 49, 54, 45, 48, 54, 45, 48, 51, 32, 49, 54, 56, 34, 50, 48, 49, 54, 45, 48, 57, 45, 48, 57, 32, 51, 50, 46, 56, 34, 50, 48, 49, 54, 45, 49, 48, 45, 49, 52, 32, 49, 50, 52, 46, 53, 34, 50, 48, 49, 54, 45, 49, 49, 45, 49, 49, 32, 50, 49, 51, 53, 46, 57, 52, 56, 34, 50, 48, 49, 54, 45, 49, 49, 45, 49, 49, 32, 50, 53, 54, 46, 50, 57, 54, 49, 34, 50, 48, 49, 55, 45, 48, 49, 45, 50, 55, 32, 49, 54, 51, 53, 46, 51, 34, 50, 48, 49, 55, 45, 48, 51, 45, 48, 50, 32, 49, 54, 52, 52, 46, 52, 57, 34, 50, 48, 49, 55, 45, 48, 51, 45, 50, 57, 32, 49, 54, 51, 53, 46, 51, 34, 50, 48, 49, 55, 45, 48, 52, 45, 50, 56, 32, 49, 54, 52, 49, 46, 56, 52, 34, 50, 48, 49, 55, 45, 48, 53, 45, 49, 54, 32, 49, 50, 50, 53, 46, 51, 50, 34, 50, 48, 49, 55, 45, 48, 53, 45, 51, 48, 32, 49, 54, 51, 56, 46, 53, 55, 34, 50, 48, 49, 55, 45, 48, 54, 45, 49, 50, 32, 50, 49, 48, 34, 50, 48, 49, 55, 45, 48, 54, 45, 51, 48, 32, 49, 54, 51, 55, 46, 52, 56, 34, 50, 48, 49, 55, 45, 48, 55, 45, 50, 56, 32, 49, 54, 50, 56, 46, 55, 49, 34, 50, 48, 49, 55, 45, 48, 56, 45, 50, 57, 32, 49, 54, 51, 55, 46, 48, 55, 34, 50, 48, 49, 55, 45, 48, 57, 45, 50, 57, 32, 49, 54, 51, 51, 46, 56, 34, 50, 48, 49, 55, 45, 49, 48, 45, 51, 48, 32, 49, 54, 53, 56, 46, 55, 56, 34, 50, 48, 49, 55, 45, 49, 49, 45, 50, 57, 32, 49, 54, 53, 57, 46, 50, 53, 34, 50, 48, 49, 55, 45, 49, 50, 45, 49, 56, 32, 49, 50, 51, 55, 46, 55, 34, 50, 48, 49, 55, 45, 49, 50, 45, 50, 57, 32, 49, 54, 49, 56, 46, 54, 52, 34, 50, 48, 49, 55, 45, 48, 49, 45, 48, 50, 32, 54, 46, 56, 34, 50, 48, 49, 55, 45, 48, 49, 45, 48, 50, 32, 57, 46, 49, 49, 34, 50, 48, 49, 55, 45, 48, 52, 45, 48, 51, 32, 49, 46, 49, 53, 34, 50, 48, 49, 55, 45, 48, 55, 45, 48, 51, 32, 49, 46, 49, 52, 34, 50, 48, 49, 55, 45, 49, 48, 45, 48, 50, 32, 52, 46, 51, 51, 34, 50, 48, 49, 55, 45, 48, 49, 45, 49, 49, 32, 52, 54, 56, 46, 51, 34, 50, 48, 49, 55, 45, 48, 53, 45, 49, 50, 32, 55, 48, 46, 54, 34, 50, 48, 49, 55, 45, 48, 53, 45, 49, 54, 32, 49, 51, 50, 46, 52, 56, 34, 50, 48, 49, 55, 45, 48, 53, 45, 49, 56, 32, 49, 50, 52, 46, 53, 34, 50, 48, 49, 55, 45, 48, 54, 45, 48, 49, 32, 50, 56, 54, 34, 50, 48, 49, 55, 45, 49, 48, 45, 49, 51, 32, 56, 55, 46, 49, 53, 34, 50, 48, 49, 56, 45, 48, 49, 45, 50, 53, 32, 51, 52, 55, 46, 55, 50, 34, 50, 48, 49, 56, 45, 48, 49, 45, 51, 49, 32, 49, 55, 48, 54, 46, 51, 57, 34, 50, 48, 49, 56, 45, 48, 51, 45, 48, 49, 32, 49, 55, 49, 53, 46, 55, 57, 34, 50, 48, 49, 56, 45, 48, 52, 45, 48, 51, 32, 49, 55, 48, 54, 46, 53, 52, 34, 50, 48, 49, 56, 45, 48, 52, 45, 50, 54, 32, 48, 46, 48, 49, 34, 50, 48, 49, 56, 45, 48, 52, 45, 50, 54, 32, 48, 46, 48, 50, 34, 50, 48, 49, 56, 45, 48, 52, 45, 51, 48, 32, 49, 55, 49, 53, 46, 57, 52, 34, 50, 48, 49, 56, 45, 48, 53, 45, 48, 55, 32, 48, 46, 48, 49, 34, 50, 48, 49, 56, 45, 48, 53, 45, 48, 55, 32, 48, 46, 48, 49, 34, 50, 48, 49, 56, 45, 48, 53, 45, 48, 55, 32, 48, 46, 48, 49, 34, 50, 48, 49, 56, 45, 48, 53, 45, 48, 55, 32, 48, 46, 48, 49, 34, 50, 48, 49, 56, 45, 48, 53, 45, 49, 54, 32, 49, 50, 54, 49, 46, 52, 55, 34, 50, 48, 49, 56, 45, 48, 53, 45, 51, 48, 32, 49, 55, 48, 56, 46, 55, 50, 34, 50, 48, 49, 56, 45, 48, 54, 45, 48, 56, 32, 56, 48, 34, 50, 48, 49, 56, 45, 48, 54, 45, 49, 52, 32, 50, 48, 34, 50, 48, 49, 56, 45, 48, 54, 45, 50, 57, 32, 49, 55, 57, 56, 46, 50, 51, 34, 50, 48, 49, 56, 45, 48, 55, 45, 51, 49, 32, 49, 55, 57, 49, 46, 54, 57, 34, 50, 48, 49, 56, 45, 48, 56, 45, 51, 48, 32, 49, 55, 57, 56, 46, 50, 51, 34, 50, 48, 49, 56, 45, 48, 57, 45, 50, 56, 32, 49, 55, 57, 51, 46, 56, 55, 34, 50, 48, 49, 56, 45, 49, 48, 45, 51, 49, 32, 49, 55, 57, 51, 46, 56, 55, 34, 50, 48, 49, 56, 45, 49, 49, 45, 51, 48, 32, 49, 55, 57, 55, 46, 49, 52, 34, 50, 48, 49, 56, 45, 49, 50, 45, 49, 56, 32, 49, 51, 53, 48, 46, 50, 51, 34, 50, 48, 49, 56, 45, 49, 50, 45, 50, 52, 32, 52, 48, 34, 50, 48, 49, 56, 45, 49, 50, 45, 51, 49, 32, 49, 55, 54, 57, 46, 54, 34, 50, 48, 49, 56, 45, 48, 49, 45, 48, 50, 32, 48, 46, 57, 51, 34, 50, 48, 49, 56, 45, 48, 51, 45, 49, 57, 32, 54, 48, 48, 48, 34, 50, 48, 49, 56, 45, 48, 52, 45, 48, 51, 32, 48, 46, 57, 34, 50, 48, 49, 56, 45, 48, 55, 45, 48, 50, 32, 49, 46, 49, 52, 34, 50, 48, 49, 56, 45, 49, 48, 45, 48, 49, 32, 52, 46, 48, 57, 34, 50, 48, 49, 56, 45, 48, 53, 45, 48, 52, 32, 53, 49, 53, 46, 48, 52, 34, 50, 48, 49, 56, 45, 48, 53, 45, 48, 52, 32, 54, 54, 46, 48, 50, 34, 50, 48, 49, 56, 45, 48, 53, 45, 49, 53, 32, 50, 56, 54, 34, 50, 48, 49, 56, 45, 48, 53, 45, 50, 51, 32, 49, 52, 54, 46, 50, 56, 34, 50, 48, 49, 56, 45, 48, 53, 45, 50, 52, 32, 56, 55, 46, 49, 53, 34, 50, 48, 49, 56, 45, 48, 55, 45, 48, 52, 32, 50, 54, 46, 57, 49, 34, 50, 48, 49, 56, 45, 48, 57, 45, 48, 55, 32, 51, 51, 50, 46, 54, 52, 34, 50, 48, 49, 56, 45, 48, 57, 45, 49, 52, 32, 53, 55, 48, 52, 46, 51, 55, 34, 50, 48, 49, 56, 45, 48, 57, 45, 50, 49, 32, 49, 49, 48, 48, 46, 51, 53, 53, 34, 50, 48, 49, 56, 45, 48, 57, 45, 50, 56, 32, 53, 54, 49, 52, 46, 52, 51, 50, 52, 34, 50, 48, 49, 56, 45, 49, 48, 45, 49, 50, 32, 57, 50, 46, 49, 51, 34, 50, 48, 49, 56, 45, 49, 48, 45, 49, 56, 32, 53, 48, 34, 50, 48, 49, 56, 45, 49, 50, 45, 48, 53, 32, 48, 46, 48, 53, 34, 50, 48, 49, 57, 45, 49, 48, 45, 48, 49, 32, 49, 53, 48, 34, 50, 48, 49, 57, 45, 48, 49, 45, 51, 48, 32, 49, 56, 53, 55, 46, 49, 34, 50, 48, 49, 57, 45, 48, 50, 45, 50, 53, 32, 51, 54, 51, 46, 56, 34, 50, 48, 49, 57, 45, 48, 50, 45, 50, 56, 32, 49, 56, 53, 56, 46, 56, 56, 34, 50, 48, 49, 57, 45, 48, 51, 45, 50, 57, 32, 49, 56, 53, 51, 46, 56, 51, 34, 50, 48, 49, 57, 45, 48, 53, 45, 48, 50, 32, 49, 56, 53, 55, 46, 55, 57, 34, 50, 48, 49, 57, 45, 48, 53, 45, 49, 55, 32, 49, 51, 56, 48, 46, 54, 50, 34, 50, 48, 49, 57, 45, 48, 53, 45, 50, 56, 32, 49, 56, 53, 49, 46, 54, 53, 34, 50, 48, 49, 57, 45, 48, 53, 45, 50, 57, 32, 49, 50, 53, 34, 50, 48, 49, 57, 45, 48, 54, 45, 50, 55, 32, 49, 56, 53, 57, 46, 57, 55, 34, 50, 48, 49, 57, 45, 48, 55, 45, 50, 57, 32, 49, 56, 54, 50, 46, 53, 53, 34, 50, 48, 49, 57, 45, 48, 56, 45, 50, 57, 32, 50, 50, 51, 56, 46, 55, 55, 34, 50, 48, 49, 57, 45, 48, 57, 45, 50, 55, 32, 49, 57, 56, 49, 46, 54, 53, 34, 50, 48, 49, 57, 45, 49, 48, 45, 50, 57, 32, 49, 57, 56, 49, 46, 54, 52, 34, 50, 48, 49, 57, 45, 49, 49, 45, 50, 56, 32, 49, 57, 56, 56, 46, 49, 57, 34, 50, 48, 49, 57, 45, 49, 50, 45, 49, 54, 32, 49, 53, 49, 51, 46, 49, 57, 34, 50, 48, 49, 57, 45, 49, 50, 45, 50, 55, 32, 50, 48, 48, 51, 46, 49, 50, 34, 50, 48, 49, 57, 45, 48, 49, 45, 48, 50, 32, 48, 46, 55, 56, 34, 50, 48, 49, 57, 45, 48, 52, 45, 48, 49, 32, 48, 46, 49, 53, 34, 50, 48, 49, 57, 45, 48, 55, 45, 48, 49, 32, 51, 46, 55, 51, 34, 50, 48, 49, 57, 45, 48, 53, 45, 48, 54, 32, 50, 57, 56, 48, 46, 57, 53, 34, 50, 48, 49, 57, 45, 48, 53, 45, 49, 53, 32, 49, 52, 51, 46, 53, 50, 34, 50, 48, 49, 57, 45, 48, 53, 45, 49, 53, 32, 57, 57, 46, 55, 52, 34, 50, 48, 49, 57, 45, 48, 53, 45, 50, 51, 32, 49, 56, 54, 46, 55, 53, 34, 50, 48, 49, 57, 45, 49, 48, 45, 50, 53, 32, 49, 56, 54, 48, 46, 49, 56, 56, 48, 52, 55, 34, 50, 48, 49, 57, 45, 49, 48, 45, 48, 51, 32, 48, 46, 48, 53, 34, 50, 48, 49, 57, 45, 49, 50, 45, 48, 52, 32, 48, 46, 48, 53, 34, 50, 48, 49, 57, 45, 48, 53, 45, 48, 54, 32, 51, 57, 52, 46, 49, 50, 34, 50, 48, 50, 48, 45, 48, 49, 45, 50, 56, 32, 50, 48, 48, 48, 46, 51, 52, 34, 50, 48, 50, 48, 45, 48, 50, 45, 48, 51, 32, 49, 48, 48, 34, 50, 48, 50, 48, 45, 48, 50, 45, 49, 48, 32, 53, 50, 49, 46, 53, 56, 34, 50, 48, 50, 48, 45, 48, 50, 45, 50, 54, 32, 50, 48, 48, 49, 46, 56, 56, 34, 50, 48, 50, 48, 45, 48, 51, 45, 50, 55, 32, 49, 57, 57, 51, 46, 53, 54, 34, 50, 48, 50, 48, 45, 48, 52, 45, 50, 56, 32, 49, 57, 57, 51, 46, 53, 55, 34, 50, 48, 50, 48, 45, 48, 53, 45, 49, 53, 32, 49, 53, 50, 54, 46, 54, 53, 34, 50, 48, 50, 48, 45, 48, 53, 45, 50, 54, 32, 49, 50, 53, 34, 50, 48, 50, 48, 45, 48, 53, 45, 50, 56, 32, 49, 57, 57, 54, 46, 56, 52, 34, 50, 48, 50, 48, 45, 48, 54, 45, 50, 57, 32, 49, 54, 53, 34, 50, 48, 50, 48, 45, 48, 54, 45, 51, 48, 32, 49, 57, 57, 51, 46, 53, 55, 34, 50, 48, 50, 48, 45, 48, 55, 45, 50, 56, 32, 49, 57, 57, 51, 46, 53, 55, 34, 50, 48, 50, 48, 45, 48, 56, 45, 50, 55, 32, 50, 48, 49, 49, 34, 50, 48, 50, 48, 45, 48, 57, 45, 50, 57, 32, 49, 57, 57, 51, 46, 53, 55, 34, 50, 48, 50, 48, 45, 49, 48, 45, 50, 57, 32, 49, 57, 57, 55, 46, 57, 51, 34, 50, 48, 50, 48, 45, 49, 49, 45, 48, 50, 32, 48, 46, 55, 54, 34, 50, 48, 50, 48, 45, 49, 49, 45, 48, 52, 32, 54, 48, 34, 50, 48, 50, 48, 45, 49, 49, 45, 48, 57, 32, 50, 53, 34, 50, 48, 50, 48, 45, 49, 49, 45, 50, 54, 32, 50, 48, 48, 48, 46, 49, 34, 50, 48, 50, 48, 45, 49, 50, 45, 48, 49, 32, 54, 53, 34, 50, 48, 50, 48, 45, 49, 50, 45, 49, 48, 32, 55, 48, 48, 48, 34, 50, 48, 50, 48, 45, 49, 50, 45, 49, 53, 32, 49, 53, 50, 53, 46, 51, 34, 50, 48, 50, 48, 45, 49, 50, 45, 50, 56, 32, 50, 48, 48, 57, 46, 56, 54, 34, 50, 48, 50, 48, 45, 48, 49, 45, 48, 50, 32, 48, 46, 54, 57, 34, 50, 48, 50, 48, 45, 48, 52, 45, 48, 49, 32, 51, 46, 50, 55, 34, 50, 48, 50, 48, 45, 48, 55, 45, 48, 49, 32, 50, 46, 48, 49, 34, 50, 48, 50, 48, 45, 48, 50, 45, 48, 53, 32, 49, 53, 48, 50, 48, 46, 48, 49, 49, 57, 52, 55, 52, 34, 50, 48, 50, 48, 45, 48, 51, 45, 50, 48, 32, 51, 56, 49, 54, 46, 52, 56, 55, 34, 50, 48, 50, 48, 45, 48, 53, 45, 48, 56, 32, 55, 57, 50, 46, 56, 53, 34, 50, 48, 50, 48, 45, 48, 55, 45, 50, 56, 32, 49, 53, 49, 50, 49, 46, 57, 53, 56, 52, 53, 55, 34, 50, 48, 50, 48, 45, 49, 49, 45, 50, 48, 32, 49, 53, 55, 56, 53, 34, 50, 48, 50, 48, 45, 48, 50, 45, 48, 54, 32, 48, 46, 48, 53, 34, 50, 48, 50, 48, 45, 48, 51, 45, 48, 54, 32, 48, 46, 48, 53, 34, 50, 48, 50, 48, 45, 48, 56, 45, 48, 52, 32, 48, 46, 48, 53, 34, 50, 48, 50, 48, 45, 48, 50, 45, 48, 53, 32, 53, 52, 50, 57, 46, 50, 34, 50, 48, 50, 48, 45, 48, 53, 45, 49, 49, 32, 49, 52, 53, 49, 46, 51, 55, 34, 50, 48, 50, 48, 45, 48, 55, 45, 50, 56, 32, 49, 52, 57, 53, 50, 46, 52, 55, 51, 57, 48, 52, 34, 50, 48, 50, 48, 45, 49, 49, 45, 50, 48, 32, 50, 56, 49, 54, 55]`', src/main.rs:116:7ls right: `[34, 50, 48, 48, 56, 45, 48, 49, 45, 48, 57, 32, 50, 46, 53, 56, 34, 50, 48, 48, 56, 45, 48, 49, 45, 51, 49, 32, 49, 52, 51, 50, 46, 56, 57, 34, 50, 48, 48, 56, 45, 48, 50, 45, 50, 57, 32, 49, 52, 51, 54, 46, 48, 55, 34, 50, 48, 48, 56, 45, 48, 51, 45, 51, 49, 32, 49, 52, 51, 54, 46, 48, 54, 34, 50, 48, 48, 56, 45, 48, 52, 45, 48, 56, 32, 54, 46, 55, 53, 34, 50, 48, 48, 56, 45, 48, 52, 45, 51, 48, 32, 49, 54, 54, 51, 46, 55, 51, 34, 50, 48, 48, 56, 45, 48, 53, 45, 51, 48, 32, 49, 52, 54, 49, 46, 53, 56, 34, 50, 48, 48, 56, 45, 48, 54, 45, 51, 48, 32, 49, 52, 48, 57, 46, 49, 51, 34, 50, 48, 48, 56, 45, 48, 55, 45, 48, 56, 32, 49, 51, 46, 49, 54, 34, 50, 48, 48, 56, 45, 48, 55, 45, 51, 49, 32, 49, 52, 50, 48, 46, 48, 52, 34, 50, 48, 48, 56, 45, 48, 56, 45, 50, 57, 32, 49, 52, 48, 56, 46, 48, 53, 34, 50, 48, 48, 56, 45, 48, 57, 45, 51, 48, 32, 49, 52, 48, 53, 46, 56, 54, 34, 50, 48, 48, 56, 45, 49, 48, 45, 48, 56, 32, 54, 46, 53, 57, 34, 50, 48, 48, 56, 45, 49, 48, 45, 51, 49, 32, 49, 52, 49, 55, 46, 56, 57, 34, 50, 48, 48, 56, 45, 49, 49, 45, 48, 51, 32, 54, 48, 46, 53, 57, 34, 50, 48, 48, 56, 45, 49, 49, 45, 50, 56, 32, 49, 52, 50, 50, 46, 50, 53, 34, 50, 48, 48, 56, 45, 49, 50, 45, 50, 51, 32, 50, 51, 57, 53, 46, 49, 51, 34, 50, 48, 48, 56, 45, 48, 49, 45, 48, 50, 32, 49, 50, 46, 52, 50, 34, 50, 48, 48, 56, 45, 48, 49, 45, 48, 50, 32, 50, 46, 55, 49, 34, 50, 48, 48, 56, 45, 48, 49, 45, 48, 50, 32, 48, 46, 49, 34, 50, 48, 48, 56, 45, 48, 49, 45, 51, 49, 32, 50, 48, 34, 50, 48, 48, 57, 45, 48, 52, 45, 48, 57, 32, 49, 48, 48, 48, 34, 50, 48, 48, 57, 45, 48, 49, 45, 48, 57, 32, 55, 46, 49, 56, 34, 50, 48, 48, 57, 45, 48, 49, 45, 51, 48, 32, 49, 53, 48, 55, 46, 51, 53, 34, 50, 48, 48, 57, 45, 48, 50, 45, 50, 55, 32, 49, 55, 54, 49, 46, 51, 53, 34, 50, 48, 48, 57, 45, 48, 51, 45, 51, 49, 32, 49, 53, 49, 48, 46, 50, 53, 34, 50, 48, 48, 57, 45, 48, 52, 45, 48, 56, 32, 49, 46, 48, 49, 34, 50, 48, 48, 57, 45, 48, 52, 45, 51, 48, 32, 50, 53, 57, 49, 46, 48, 51, 34, 50, 48, 48, 57, 45, 48, 52, 45, 51, 48, 32, 53, 56, 50, 46, 51, 50, 34, 50, 48, 48, 57, 45, 48, 53, 45, 48, 53, 32, 50, 48, 46, 50, 49, 34, 50, 48, 48, 57, 45, 48, 53, 45, 48, 54, 32, 53, 53, 54, 34, 50, 48, 48, 57, 45, 48, 53, 45, 50, 54, 32, 49, 49, 46, 48, 50, 34, 50, 48, 48, 57, 45, 48, 53, 45, 50, 57, 32, 49, 54, 48, 54, 46, 48, 53, 34, 50, 48, 48, 57, 45, 48, 54, 45, 51, 48, 32, 49, 53, 48, 56, 46, 54, 57, 34, 50, 48, 48, 57, 45, 48, 55, 45, 51, 49, 32, 49, 52, 57, 48, 46, 54, 49, 34, 50, 48, 48, 57, 45, 48, 56, 45, 50, 52, 32, 53, 57, 46, 48, 52, 48, 54, 34, 50, 48, 48, 57, 45, 48, 56, 45, 51, 49, 32, 49, 53, 49, 56, 46, 54, 34, 50, 48, 48, 57, 45, 48, 57, 45, 51, 48, 32, 51, 56, 50, 48, 46, 55, 49, 34, 50, 48, 48, 57, 45, 49, 48, 45, 48, 57, 32, 54, 55, 54, 46, 54, 57, 34, 50, 48, 48, 57, 45, 49, 48, 45, 50, 55, 32, 49, 48, 48, 48, 34, 50, 48, 48, 57, 45, 49, 49, 45, 48, 50, 32, 54, 52, 46, 55, 34, 50, 48, 48, 57, 45, 49, 49, 45, 48, 54, 32, 51, 57, 52, 46, 53, 53, 34, 50, 48, 48, 57, 45, 49, 49, 45, 50, 52, 32, 49, 56, 51, 46, 49, 51, 34, 50, 48, 48, 57, 45, 49, 49, 45, 51, 48, 32, 49, 48, 48, 48, 34, 50, 48, 48, 57, 45, 49, 50, 45, 48, 52, 32, 51, 57, 52, 46, 53, 53, 34, 50, 48, 48, 57, 45, 49, 50, 45, 49, 49, 32, 50, 55, 56, 46, 50, 50, 34, 50, 48, 48, 57, 45, 49, 50, 45, 49, 56, 32, 49, 46, 51, 50, 34, 50, 48, 48, 57, 45, 49, 50, 45, 50, 56, 32, 49, 49, 48, 48, 34, 50, 48, 48, 57, 45, 48, 49, 45, 48, 50, 32, 48, 46, 51, 54, 34, 50, 48, 48, 57, 45, 48, 49, 45, 48, 50, 32, 49, 46, 48, 49, 34, 50, 48, 48, 57, 45, 48, 49, 45, 48, 50, 32, 50, 52, 46, 51, 53, 34, 50, 48, 48, 57, 45, 48, 49, 45, 50, 57, 32, 53, 54, 55, 46, 53, 53, 34, 50, 48, 48, 57, 45, 48, 52, 45, 50, 57, 32, 49, 48, 53, 46, 52, 53, 34, 50, 48, 48, 57, 45, 48, 54, 45, 48, 50, 32, 49, 49, 49, 50, 46, 50, 48, 48, 57, 50, 53, 34, 50, 48, 48, 57, 45, 48, 56, 45, 50, 48, 32, 49, 50, 48, 46, 50, 34, 50, 48, 48, 57, 45, 48, 56, 45, 50, 49, 32, 55, 53, 46, 49, 54, 34, 50, 48, 48, 57, 45, 48, 56, 45, 50, 53, 32, 55, 50, 46, 56, 57, 52, 54, 51, 34, 50, 48, 48, 57, 45, 48, 56, 45, 50, 55, 32, 50, 46, 55, 57, 50, 55, 57, 34, 50, 48, 48, 57, 45, 48, 57, 45, 48, 56, 32, 49, 57, 46, 50, 52, 48, 52, 53, 34, 50, 48, 48, 57, 45, 48, 57, 45, 48, 57, 32, 49, 48, 46, 50, 50, 48, 55, 50, 34, 50, 48, 48, 57, 45, 48, 57, 45, 49, 48, 32, 49, 51, 56, 55, 46, 56, 57, 51, 50, 34, 50, 48, 48, 57, 45, 49, 48, 45, 49, 53, 32, 57, 55, 46, 49, 52, 57, 51, 54, 34, 50, 48, 48, 57, 45, 49, 48, 45, 49, 53, 32, 49, 51, 54, 46, 55, 57, 57, 51, 55, 34, 50, 48, 49, 48, 45, 48, 49, 45, 49, 49, 32, 48, 46, 56, 57, 34, 50, 48, 49, 48, 45, 48, 49, 45, 49, 50, 32, 49, 53, 50, 46, 52, 55, 34, 50, 48, 49, 48, 45, 48, 49, 45, 50, 57, 32, 49, 51, 57, 52, 46, 53, 53, 34, 50, 48, 49, 48, 45, 48, 51, 45, 48, 50, 32, 49, 51, 57, 48, 46, 53, 52, 34, 50, 48, 49, 48, 45, 48, 51, 45, 51, 48, 32, 49, 51, 57, 48, 46, 53, 52, 34, 50, 48, 49, 48, 45, 48, 52, 45, 50, 48, 32, 48, 46, 49, 53, 34, 50, 48, 49, 48, 45, 48, 52, 45, 50, 48, 32, 48, 46, 48, 55, 34, 50, 48, 49, 48, 45, 48, 52, 45, 50, 55, 32, 49, 51, 57, 48, 46, 53, 52, 34, 50, 48, 49, 48, 45, 48, 53, 45, 50, 54, 32, 49, 57, 46, 50, 50, 34, 50, 48, 49, 48, 45, 48, 53, 45, 51, 49, 32, 49, 48, 55, 51, 46, 54, 57, 34, 50, 48, 49, 48, 45, 48, 54, 45, 51, 48, 32, 49, 52, 49, 57, 46, 52, 52, 34, 50, 48, 49, 48, 45, 48, 55, 45, 50, 55, 32, 49, 51, 48, 48, 34, 50, 48, 49, 48, 45, 48, 56, 45, 48, 54, 32, 57, 48, 46, 53, 52, 34, 50, 48, 49, 48, 45, 48, 56, 45, 50, 55, 32, 49, 51, 57, 48, 46, 53, 52, 34, 50, 48, 49, 48, 45, 48, 57, 45, 50, 57, 32, 49, 51, 57, 48, 46, 56, 53, 34, 50, 48, 49, 48, 45, 49, 48, 45, 48, 53, 32, 53, 53, 46, 50, 54, 34, 50, 48, 49, 48, 45, 49, 48, 45, 50, 55, 32, 49, 51, 57, 48, 46, 56, 53, 34, 50, 48, 49, 48, 45, 49, 49, 45, 48, 50, 32, 55, 50, 46, 50, 50, 34, 50, 48, 49, 48, 45, 49, 49, 45, 49, 50, 32, 53, 55, 46, 54, 56, 34, 50, 48, 49, 48, 45, 49, 49, 45, 50, 57, 32, 49, 51, 57, 48, 46, 56, 53, 34, 50, 48, 49, 48, 45, 49, 50, 45, 49, 55, 32, 57, 56, 57, 46, 51, 57, 34, 50, 48, 49, 48, 45, 49, 50, 45, 50, 56, 32, 49, 51, 53, 56, 46, 49, 55, 34, 50, 48, 49, 48, 45, 48, 49, 45, 48, 52, 32, 48, 46, 50, 57, 34, 50, 48, 49, 48, 45, 48, 49, 45, 48, 52, 32, 50, 57, 46, 51, 49, 34, 50, 48, 49, 48, 45, 48, 49, 45, 48, 56, 32, 49, 54, 55, 46, 51, 55, 51, 34, 50, 48, 49, 48, 45, 48, 50, 45, 48, 53, 32, 50, 56, 46, 54, 55, 50, 34, 50, 48, 49, 48, 45, 48, 52, 45, 49, 53, 32, 50, 49, 53, 54, 46, 53, 52, 52, 34, 50, 48, 49, 48, 45, 48, 52, 45, 50, 55, 32, 52, 53, 54, 46, 54, 51, 48, 54, 56, 34, 50, 48, 49, 48, 45, 48, 52, 45, 50, 57, 32, 52, 53, 48, 46, 57, 34, 50, 48, 49, 48, 45, 48, 56, 45, 48, 50, 32, 52, 53, 49, 46, 50, 53, 34, 50, 48, 49, 48, 45, 48, 57, 45, 48, 51, 32, 49, 52, 46, 56, 50, 34, 50, 48, 49, 48, 45, 49, 49, 45, 49, 57, 32, 55, 51, 56, 46, 57, 54, 53, 53, 34, 50, 48, 49, 49, 45, 48, 49, 45, 51, 49, 32, 49, 52, 50, 53, 46, 51, 50, 34, 50, 48, 49, 49, 45, 48, 51, 45, 48, 49, 32, 49, 52, 50, 53, 46, 51, 49, 34, 50, 48, 49, 49, 45, 48, 52, 45, 48, 49, 32, 49, 52, 50, 53, 46, 51, 50, 34, 50, 48, 49, 49, 45, 48, 52, 45, 50, 56, 32, 49, 52, 50, 53, 46, 57, 34, 50, 48, 49, 49, 45, 48, 53, 45, 49, 56, 32, 49, 48, 49, 57, 46, 56, 49, 34, 50, 48, 49, 49, 45, 48, 53, 45, 50, 53, 32, 50, 57, 46, 48, 52, 56, 56, 56, 57, 34, 50, 48, 49, 49, 45, 48, 53, 45, 50, 53, 32, 49, 50, 46, 53, 34, 50, 48, 49, 49, 45, 48, 53, 45, 51, 48, 32, 53, 48, 34, 50, 48, 49, 49, 45, 48, 53, 45, 51, 48, 32, 54, 53, 34, 50, 48, 49, 49, 45, 48, 54, 45, 48, 49, 32, 49, 52, 51, 51, 46, 55, 50, 34, 50, 48, 49, 49, 45, 48, 54, 45, 51, 48, 32, 49, 52, 51, 51, 46, 55, 50, 34, 50, 48, 49, 49, 45, 48, 55, 45, 50, 56, 32, 49, 50, 48, 51, 46, 48, 53, 34, 50, 48, 49, 49, 45, 48, 56, 45, 49, 54, 32, 50, 51, 48, 46, 54, 55, 34, 50, 48, 49, 49, 45, 48, 56, 45, 50, 57, 32, 49, 52, 51, 51, 46, 55, 49, 34, 50, 48, 49, 49, 45, 48, 57, 45, 48, 53, 32, 51, 48, 34, 50, 48, 49, 49, 45, 48, 57, 45, 48, 54, 32, 50, 56, 46, 56, 51, 53, 34, 50, 48, 49, 49, 45, 48, 57, 45, 50, 56, 32, 49, 52, 51, 51, 46, 55, 50, 34, 50, 48, 49, 49, 45, 49, 48, 45, 50, 55, 32, 49, 52, 51, 51, 46, 55, 50, 34, 50, 48, 49, 49, 45, 49, 49, 45, 48, 52, 32, 53, 34, 50, 48, 49, 49, 45, 49, 49, 45, 50, 51, 32, 49, 49, 55, 48, 46, 56, 52, 34, 50, 48, 49, 49, 45, 49, 49, 45, 51, 48, 32, 49, 52, 51, 51, 46, 55, 49, 34, 50, 48, 49, 49, 45, 49, 50, 45, 49, 54, 32, 49, 48, 49, 52, 46, 48, 51, 34, 50, 48, 49, 49, 45, 49, 50, 45, 51, 48, 32, 49, 52, 48, 53, 46, 51, 49, 34, 50, 48, 49, 49, 45, 48, 49, 45, 48, 51, 32, 51, 49, 46, 52, 54, 34, 50, 48, 49, 49, 45, 48, 49, 45, 48, 51, 32, 49, 48, 46, 56, 55, 34, 50, 48, 49, 49, 45, 48, 49, 45, 48, 55, 32, 57, 49, 50, 46, 57, 49, 55, 53, 34, 50, 48, 49, 49, 45, 48, 50, 45, 50, 53, 32, 49, 54, 54, 48, 46, 55, 51, 34, 50, 48, 49, 49, 45, 48, 53, 45, 48, 53, 32, 52, 57, 46, 54, 48, 49, 49, 54, 34, 50, 48, 49, 49, 45, 48, 53, 45, 49, 54, 32, 49, 48, 48, 46, 56, 49, 55, 55, 55, 56, 34, 50, 48, 49, 49, 45, 48, 53, 45, 50, 53, 32, 49, 52, 46, 54, 53, 34, 50, 48, 49, 49, 45, 48, 53, 45, 50, 55, 32, 52, 50, 50, 46, 52, 57, 34, 50, 48, 49, 49, 45, 48, 55, 45, 49, 57, 32, 55, 50, 52, 46, 51, 57, 51, 52, 34, 50, 48, 49, 49, 45, 48, 55, 45, 50, 57, 32, 57, 49, 48, 46, 53, 57, 34, 50, 48, 49, 49, 45, 48, 57, 45, 48, 54, 32, 50, 49, 46, 57, 54, 34, 50, 48, 49, 49, 45, 49, 48, 45, 50, 56, 32, 50, 54, 53, 46, 49, 53, 57, 51, 57, 34, 50, 48, 49, 49, 45, 49, 48, 45, 50, 56, 32, 50, 55, 56, 46, 56, 52, 48, 50, 49, 34, 50, 48, 49, 49, 45, 49, 49, 45, 48, 49, 32, 50, 54, 52, 50, 46, 57, 51, 34, 50, 48, 49, 49, 45, 49, 49, 45, 49, 53, 32, 49, 54, 48, 46, 57, 34, 50, 48, 49, 49, 45, 49, 49, 45, 50, 49, 32, 50, 50, 57, 46, 50, 48, 51, 34, 50, 48, 49, 49, 45, 49, 50, 45, 51, 49, 32, 49, 57, 49, 46, 57, 54, 56, 34, 50, 48, 49, 50, 45, 48, 49, 45, 49, 55, 32, 55, 48, 34, 50, 48, 49, 50, 45, 48, 49, 45, 51, 48, 32, 49, 52, 55, 50, 46, 55, 51, 34, 50, 48, 49, 50, 45, 48, 51, 45, 48, 49, 32, 49, 52, 55, 51, 46, 54, 51, 34, 50, 48, 49, 50, 45, 48, 51, 45, 50, 54, 32, 50, 52, 48, 34, 50, 48, 49, 50, 45, 48, 52, 45, 48, 50, 32, 49, 52, 55, 51, 46, 54, 51, 34, 50, 48, 49, 50, 45, 48, 52, 45, 50, 55, 32, 49, 52, 55, 51, 46, 54, 51, 34, 50, 48, 49, 50, 45, 48, 53, 45, 50, 51, 32, 49, 48, 53, 46, 54, 56, 34, 50, 48, 49, 50, 45, 48, 53, 45, 50, 51, 32, 49, 48, 53, 53, 46, 49, 51, 34, 50, 48, 49, 50, 45, 48, 53, 45, 50, 57, 32, 49, 52, 55, 51, 46, 54, 51, 34, 50, 48, 49, 50, 45, 48, 55, 45, 48, 51, 32, 49, 52, 55, 51, 46, 54, 51, 34, 50, 48, 49, 50, 45, 48, 56, 45, 48, 49, 32, 49, 52, 55, 51, 46, 54, 51, 34, 50, 48, 49, 50, 45, 48, 56, 45, 51, 48, 32, 49, 52, 55, 51, 46, 54, 51, 34, 50, 48, 49, 50, 45, 49, 48, 45, 48, 49, 32, 49, 52, 55, 51, 46, 54, 51, 34, 50, 48, 49, 50, 45, 49, 48, 45, 51, 48, 32, 49, 52, 55, 51, 46, 54, 51, 34, 50, 48, 49, 50, 45, 49, 49, 45, 50, 57, 32, 49, 52, 55, 51, 46, 54, 51, 34, 50, 48, 49, 50, 45, 49, 50, 45, 48, 55, 32, 50, 53, 34, 50, 48, 49, 50, 45, 49, 50, 45, 49, 57, 32, 49, 48, 52, 57, 46, 51, 50, 34, 50, 48, 49, 50, 45, 48, 49, 45, 48, 50, 32, 54, 46, 48, 49, 34, 50, 48, 49, 50, 45, 48, 49, 45, 48, 50, 32, 50, 57, 46, 50, 54, 34, 50, 48, 49, 50, 45, 48, 55, 45, 51, 48, 32, 53, 34, 50, 48, 49, 50, 45, 48, 53, 45, 49, 48, 32, 49, 55, 50, 34, 50, 48, 49, 50, 45, 48, 53, 45, 49, 48, 32, 55, 50, 46, 52, 52, 34, 50, 48, 49, 50, 45, 48, 53, 45, 50, 51, 32, 56, 51, 34, 50, 48, 49, 50, 45, 48, 53, 45, 50, 52, 32, 49, 54, 54, 46, 56, 50, 34, 50, 48, 49, 50, 45, 48, 53, 45, 51, 49, 32, 54, 55, 55, 46, 56, 49, 34, 50, 48, 49, 50, 45, 48, 54, 45, 48, 54, 32, 49, 51, 48, 46, 50, 34, 50, 48, 49, 50, 45, 48, 55, 45, 50, 55, 32, 55, 48, 46, 49, 57, 34, 50, 48, 49, 50, 45, 48, 56, 45, 51, 49, 32, 55, 52, 53, 46, 51, 51, 34, 50, 48, 49, 50, 45, 48, 57, 45, 50, 49, 32, 49, 50, 50, 56, 46, 50, 54, 34, 50, 48, 49, 50, 45, 49, 48, 45, 50, 53, 32, 50, 48, 54, 46, 54, 55, 34, 50, 48, 49, 50, 45, 49, 50, 45, 49, 55, 32, 54, 52, 57, 46, 57, 50, 54, 52, 53, 54, 34, 50, 48, 49, 51, 45, 48, 49, 45, 48, 50, 32, 49, 52, 53, 57, 46, 48, 56, 34, 50, 48, 49, 51, 45, 48, 50, 45, 48, 49, 32, 49, 53, 49, 51, 46, 50, 51, 34, 50, 48, 49, 51, 45, 48, 51, 45, 48, 52, 32, 50, 49, 51, 46, 53, 57, 34, 50, 48, 49, 51, 45, 48, 51, 45, 48, 54, 32, 49, 53, 49, 51, 46, 50, 51, 34, 50, 48, 49, 51, 45, 48, 52, 45, 48, 51, 32, 49, 53, 49, 51, 46, 50, 51, 34, 50, 48, 49, 51, 45, 48, 52, 45, 50, 50, 32, 52, 50, 57, 34, 50, 48, 49, 51, 45, 48, 52, 45, 51, 48, 32, 49, 53, 49, 52, 46, 48, 54, 34, 50, 48, 49, 51, 45, 48, 53, 45, 50, 57, 32, 51, 50, 50, 46, 54, 53, 34, 50, 48, 49, 51, 45, 48, 53, 45, 50, 57, 32, 56, 50, 46, 56, 34, 50, 48, 49, 51, 45, 48, 54, 45, 48, 52, 32, 49, 52, 55, 55, 46, 56, 55, 34, 50, 48, 49, 51, 45, 48, 54, 45, 48, 54, 32, 49, 49, 54, 54, 46, 50, 56, 34, 50, 48, 49, 51, 45, 48, 54, 45, 50, 52, 32, 49, 56, 56, 46, 57, 57, 34, 50, 48, 49, 51, 45, 48, 55, 45, 48, 49, 32, 49, 53, 49, 52, 46, 48, 54, 34, 50, 48, 49, 51, 45, 48, 55, 45, 51, 48, 32, 50, 48, 48, 46, 54, 53, 34, 50, 48, 49, 51, 45, 48, 56, 45, 48, 49, 32, 49, 53, 49, 52, 46, 48, 54, 34, 50, 48, 49, 51, 45, 48, 56, 45, 48, 50, 32, 54, 55, 48, 46, 53, 51, 57, 57, 54, 54, 34, 50, 48, 49, 51, 45, 48, 56, 45, 51, 48, 32, 49, 53, 49, 52, 46, 48, 54, 34, 50, 48, 49, 51, 45, 48, 57, 45, 48, 52, 32, 49, 54, 57, 46, 50, 53, 34, 50, 48, 49, 51, 45, 49, 48, 45, 48, 50, 32, 49, 53, 49, 52, 46, 48, 54, 34, 50, 48, 49, 51, 45, 49, 48, 45, 48, 56, 32, 49, 46, 53, 53, 34, 50, 48, 49, 51, 45, 49, 48, 45, 49, 55, 32, 57, 56, 46, 55, 56, 34, 50, 48, 49, 51, 45, 49, 48, 45, 50, 56, 32, 49, 53, 49, 52, 46, 48, 54, 34, 50, 48, 49, 51, 45, 49, 50, 45, 48, 50, 32, 49, 53, 49, 52, 46, 48, 54, 34, 50, 48, 49, 51, 45, 49, 50, 45, 49, 55, 32, 49, 48, 55, 51, 46, 57, 55, 34, 50, 48, 49, 51, 45, 49, 50, 45, 50, 48, 32, 56, 53, 49, 46, 52, 34, 50, 48, 49, 51, 45, 49, 50, 45, 51, 48, 32, 49, 53, 56, 57, 46, 49, 52, 34, 50, 48, 49, 51, 45, 48, 49, 45, 48, 50, 32, 51, 49, 46, 54, 56, 34, 50, 48, 49, 51, 45, 48, 49, 45, 48, 50, 32, 55, 46, 55, 51, 34, 50, 48, 49, 51, 45, 48, 51, 45, 49, 56, 32, 55, 48, 34, 50, 48, 49, 51, 45, 49, 48, 45, 48, 50, 32, 51, 46, 55, 49, 34, 50, 48, 49, 51, 45, 48, 49, 45, 51, 48, 32, 50, 49, 52, 52, 46, 53, 49, 51, 50, 34, 50, 48, 49, 51, 45, 48, 52, 45, 50, 50, 32, 49, 56, 51, 46, 48, 54, 34, 50, 48, 49, 51, 45, 48, 52, 45, 51, 48, 32, 49, 54, 54, 46, 56, 50, 34, 50, 48, 49, 51, 45, 48, 53, 45, 50, 48, 32, 55, 56, 46, 55, 52, 34, 50, 48, 49, 51, 45, 48, 53, 45, 50, 57, 32, 54, 54, 46, 52, 34, 50, 48, 49, 51, 45, 48, 54, 45, 48, 52, 32, 49, 51, 48, 46, 50, 34, 50, 48, 49, 51, 45, 48, 54, 45, 48, 55, 32, 54, 52, 51, 46, 52, 57, 34, 50, 48, 49, 51, 45, 48, 54, 45, 48, 55, 32, 55, 56, 46, 51, 34, 50, 48, 49, 51, 45, 48, 55, 45, 49, 53, 32, 53, 53, 51, 46, 51, 51, 34, 50, 48, 49, 51, 45, 48, 57, 45, 50, 51, 32, 57, 57, 46, 54, 34, 50, 48, 49, 51, 45, 49, 48, 45, 50, 52, 32, 49, 50, 52, 53, 46, 48, 49, 48, 53, 34, 50, 48, 49, 51, 45, 49, 49, 45, 50, 48, 32, 50, 48, 54, 46, 54, 55, 34, 50, 48, 49, 52, 45, 48, 49, 45, 48, 57, 32, 49, 46, 55, 52, 34, 50, 48, 49, 52, 45, 48, 49, 45, 50, 55, 32, 51, 48, 34, 50, 48, 49, 52, 45, 48, 49, 45, 51, 49, 32, 49, 55, 49, 48, 46, 52, 57, 34, 50, 48, 49, 52, 45, 48, 50, 45, 50, 56, 32, 49, 54, 57, 55, 46, 53, 57, 34, 50, 48, 49, 52, 45, 48, 51, 45, 51, 49, 32, 49, 55, 48, 52, 46, 48, 52, 34, 50, 48, 49, 52, 45, 48, 52, 45, 48, 56, 32, 49, 46, 51, 34, 50, 48, 49, 52, 45, 48, 52, 45, 51, 48, 32, 49, 54, 57, 55, 46, 53, 57, 34, 50, 48, 49, 52, 45, 48, 53, 45, 50, 48, 32, 49, 50, 48, 49, 46, 50, 56, 34, 50, 48, 49, 52, 45, 48, 54, 45, 48, 50, 32, 49, 54, 55, 54, 46, 54, 52, 34, 50, 48, 49, 52, 45, 48, 54, 45, 50, 54, 32, 49, 54, 57, 49, 46, 49, 52, 34, 50, 48, 49, 52, 45, 48, 55, 45, 50, 57, 32, 49, 54, 50, 54, 46, 54, 52, 34, 50, 48, 49, 52, 45, 48, 56, 45, 50, 56, 32, 49, 54, 57, 55, 46, 53, 57, 34, 50, 48, 49, 52, 45, 48, 57, 45, 50, 57, 32, 49, 55, 49, 48, 46, 52, 57, 34, 50, 48, 49, 52, 45, 49, 48, 45, 48, 56, 32, 49, 46, 51, 54, 34, 50, 48, 49, 52, 45, 49, 48, 45, 50, 52, 32, 49, 53, 48, 48, 34, 50, 48, 49, 52, 45, 49, 49, 45, 48, 51, 32, 49, 53, 48, 34, 50, 48, 49, 52, 45, 49, 49, 45, 48, 54, 32, 50, 48, 52, 46, 48, 52, 34, 50, 48, 49, 52, 45, 49, 49, 45, 50, 55, 32, 49, 54, 56, 52, 46, 54, 57, 34, 50, 48, 49, 52, 45, 49, 50, 45, 49, 57, 32, 49, 49, 51, 54, 46, 48, 54, 34, 50, 48, 49, 52, 45, 49, 50, 45, 50, 51, 32, 49, 54, 55, 48, 46, 55, 53, 34, 50, 48, 49, 52, 45, 48, 49, 45, 48, 50, 32, 50, 53, 46, 57, 50, 34, 50, 48, 49, 52, 45, 48, 49, 45, 48, 50, 32, 54, 46, 57, 54, 34, 50, 48, 49, 52, 45, 48, 52, 45, 48, 49, 32, 49, 46, 49, 49, 34, 50, 48, 49, 52, 45, 48, 55, 45, 48, 49, 32, 50, 46, 51, 34, 50, 48, 49, 52, 45, 49, 48, 45, 48, 49, 32, 52, 46, 52, 55, 34, 50, 48, 49, 52, 45, 48, 50, 45, 49, 55, 32, 51, 51, 53, 46, 56, 54, 53, 54, 34, 50, 48, 49, 52, 45, 48, 50, 45, 49, 56, 32, 49, 56, 53, 46, 56, 57, 34, 50, 48, 49, 52, 45, 48, 53, 45, 48, 54, 32, 49, 54, 54, 46, 56, 50, 34, 50, 48, 49, 52, 45, 48, 53, 45, 49, 54, 32, 56, 48, 46, 56, 54, 34, 50, 48, 49, 52, 45, 48, 53, 45, 50, 56, 32, 51, 53, 46, 48, 57, 34, 50, 48, 49, 52, 45, 48, 54, 45, 48, 54, 32, 49, 53, 49, 46, 53, 34, 50, 48, 49, 52, 45, 48, 54, 45, 48, 54, 32, 53, 57, 52, 34, 50, 48, 49, 52, 45, 48, 54, 45, 49, 49, 32, 49, 51, 48, 46, 50, 34, 50, 48, 49, 52, 45, 48, 57, 45, 48, 53, 32, 50, 51, 46, 52, 34, 50, 48, 49, 52, 45, 48, 57, 45, 49, 54, 32, 57, 57, 55, 54, 46, 56, 55, 52, 50, 54, 34, 50, 48, 49, 52, 45, 49, 48, 45, 49, 53, 32, 49, 50, 52, 46, 53, 34, 50, 48, 49, 52, 45, 49, 50, 45, 48, 49, 32, 56, 51, 53, 46, 53, 53, 49, 34, 50, 48, 49, 52, 45, 49, 50, 45, 49, 55, 32, 49, 46, 50, 34, 50, 48, 49, 53, 45, 48, 49, 45, 50, 54, 32, 50, 48, 34, 50, 48, 49, 53, 45, 48, 49, 45, 48, 57, 32, 49, 46, 55, 57, 34, 50, 48, 49, 53, 45, 48, 50, 45, 48, 53, 32, 49, 54, 55, 53, 46, 52, 51, 34, 50, 48, 49, 53, 45, 48, 50, 45, 50, 54, 32, 49, 50, 48, 34, 50, 48, 49, 53, 45, 48, 50, 45, 50, 54, 32, 49, 54, 55, 49, 46, 49, 49, 34, 50, 48, 49, 53, 45, 48, 51, 45, 51, 48, 32, 49, 54, 56, 52, 46, 48, 49, 34, 50, 48, 49, 53, 45, 48, 52, 45, 49, 48, 32, 49, 46, 55, 53, 34, 50, 48, 49, 53, 45, 48, 52, 45, 51, 48, 32, 49, 54, 52, 53, 46, 51, 34, 50, 48, 49, 53, 45, 48, 53, 45, 50, 48, 32, 49, 49, 52, 55, 46, 49, 51, 34, 50, 48, 49, 53, 45, 48, 53, 45, 50, 57, 32, 49, 54, 53, 49, 46, 55, 49, 34, 50, 48, 49, 53, 45, 48, 54, 45, 48, 52, 32, 49, 50, 53, 34, 50, 48, 49, 53, 45, 48, 54, 45, 50, 53, 32, 49, 54, 55, 51, 46, 50, 55, 34, 50, 48, 49, 53, 45, 48, 55, 45, 51, 48, 32, 49, 53, 57, 53, 46, 56, 54, 34, 50, 48, 49, 53, 45, 48, 56, 45, 50, 56, 32, 49, 54, 55, 57, 46, 55, 50, 34, 50, 48, 49, 53, 45, 48, 57, 45, 50, 53, 32, 49, 54, 46, 48, 54, 34, 50, 48, 49, 53, 45, 48, 57, 45, 50, 53, 32, 49, 54, 50, 50, 46, 53, 53, 34, 50, 48, 49, 53, 45, 49, 48, 45, 50, 56, 32, 49, 54, 52, 54, 46, 49, 55, 34, 50, 48, 49, 53, 45, 49, 49, 45, 49, 48, 32, 50, 48, 34, 50, 48, 49, 53, 45, 49, 49, 45, 49, 54, 32, 49, 53, 48, 48, 34, 50, 48, 49, 53, 45, 49, 49, 45, 50, 54, 32, 49, 54, 49, 52, 46, 52, 55, 34, 50, 48, 49, 53, 45, 49, 50, 45, 49, 54, 32, 49, 49, 51, 54, 46, 52, 34, 50, 48, 49, 53, 45, 49, 50, 45, 50, 56, 32, 49, 53, 54, 49, 46, 56, 51, 34, 50, 48, 49, 53, 45, 48, 49, 45, 48, 50, 32, 50, 55, 46, 52, 52, 34, 50, 48, 49, 53, 45, 48, 49, 45, 48, 50, 32, 51, 46, 55, 49, 34, 50, 48, 49, 53, 45, 48, 52, 45, 48, 49, 32, 52, 46, 53, 54, 34, 50, 48, 49, 53, 45, 48, 54, 45, 49, 53, 32, 57, 48, 34, 50, 48, 49, 53, 45, 48, 55, 45, 48, 49, 32, 49, 46, 55, 55, 34, 50, 48, 49, 53, 45, 49, 48, 45, 48, 49, 32, 51, 46, 49, 52, 34, 50, 48, 49, 53, 45, 49, 48, 45, 49, 50, 32, 51, 48, 48, 34, 50, 48, 49, 53, 45, 49, 50, 45, 48, 56, 32, 52, 51, 57, 46, 54, 51, 34, 50, 48, 49, 53, 45, 48, 51, 45, 48, 50, 32, 52, 53, 57, 46, 48, 54, 57, 54, 34, 50, 48, 49, 53, 45, 48, 52, 45, 50, 57, 32, 49, 50, 52, 46, 53, 34, 50, 48, 49, 53, 45, 48, 53, 45, 49, 50, 32, 49, 51, 52, 46, 50, 52, 56, 52, 34, 50, 48, 49, 53, 45, 48, 53, 45, 50, 48, 32, 52, 54, 46, 56, 34, 50, 48, 49, 53, 45, 48, 53, 45, 50, 54, 32, 57, 56, 46, 52, 34, 50, 48, 49, 53, 45, 48, 53, 45, 50, 54, 32, 51, 54, 51, 34, 50, 48, 49, 53, 45, 48, 54, 45, 48, 57, 32, 49, 54, 56, 34, 50, 48, 49, 53, 45, 48, 57, 45, 49, 52, 32, 51, 50, 46, 56, 34, 50, 48, 49, 53, 45, 49, 48, 45, 49, 53, 32, 49, 50, 52, 46, 53, 34, 50, 48, 49, 53, 45, 49, 48, 45, 50, 57, 32, 51, 56, 48, 46, 50, 51, 55, 57, 34, 50, 48, 49, 54, 45, 48, 49, 45, 48, 52, 32, 53, 34, 50, 48, 49, 54, 45, 48, 49, 45, 50, 54, 32, 49, 53, 52, 51, 46, 52, 56, 34, 50, 48, 49, 54, 45, 48, 50, 45, 50, 54, 32, 49, 53, 53, 48, 46, 52, 57, 34, 50, 48, 49, 54, 45, 48, 51, 45, 50, 52, 32, 49, 53, 52, 49, 46, 50, 57, 34, 50, 48, 49, 54, 45, 48, 52, 45, 50, 56, 32, 49, 53, 53, 48, 46, 52, 56, 34, 50, 48, 49, 54, 45, 48, 53, 45, 49, 56, 32, 49, 49, 52, 50, 46, 54, 51, 34, 50, 48, 49, 54, 45, 48, 53, 45, 50, 55, 32, 49, 53, 52, 52, 46, 53, 54, 34, 50, 48, 49, 54, 45, 48, 54, 45, 50, 57, 32, 49, 55, 50, 56, 46, 55, 54, 34, 50, 48, 49, 54, 45, 48, 55, 45, 50, 57, 32, 49, 54, 51, 48, 46, 51, 55, 34, 50, 48, 49, 54, 45, 48, 56, 45, 51, 48, 32, 49, 54, 49, 52, 46, 48, 50, 34, 50, 48, 49, 54, 45, 48, 57, 45, 50, 57, 32, 49, 54, 49, 50, 46, 57, 51, 34, 50, 48, 49, 54, 45, 49, 48, 45, 50, 56, 32, 49, 54, 49, 54, 46, 50, 34, 50, 48, 49, 54, 45, 49, 49, 45, 50, 56, 32, 49, 54, 49, 55, 46, 50, 57, 34, 50, 48, 49, 54, 45, 49, 50, 45, 49, 54, 32, 49, 50, 49, 48, 46, 53, 53, 34, 50, 48, 49, 54, 45, 49, 50, 45, 50, 56, 32, 49, 53, 57, 56, 46, 53, 34, 50, 48, 49, 54, 45, 48, 49, 45, 48, 52, 32, 52, 46, 53, 53, 34, 50, 48, 49, 54, 45, 48, 49, 45, 48, 52, 32, 50, 50, 46, 56, 55, 34, 50, 48, 49, 54, 45, 48, 50, 45, 50, 57, 32, 51, 53, 34, 50, 48, 49, 54, 45, 48, 52, 45, 48, 49, 32, 50, 48, 46, 50, 52, 34, 50, 48, 49, 54, 45, 48, 55, 45, 48, 49, 32, 53, 46, 49, 51, 34, 50, 48, 49, 54, 45, 49, 48, 45, 48, 49, 32, 50, 46, 52, 34, 50, 48, 49, 54, 45, 48, 53, 45, 48, 51, 32, 54, 48, 46, 52, 34, 50, 48, 49, 54, 45, 48, 53, 45, 48, 57, 32, 49, 50, 52, 46, 53, 34, 50, 48, 49, 54, 45, 48, 53, 45, 49, 51, 32, 52, 56, 34, 50, 48, 49, 54, 45, 48, 53, 45, 49, 55, 32, 50, 55, 50, 46, 53, 56, 34, 50, 48, 49, 54, 45, 48, 53, 45, 49, 55, 32, 49, 50, 57, 46, 51, 54, 34, 50, 48, 49, 54, 45, 48, 53, 45, 50, 53, 32, 54, 53, 46, 54, 34, 50, 48, 49, 54, 45, 48, 54, 45, 48, 51, 32, 49, 54, 56, 34, 50, 48, 49, 54, 45, 48, 57, 45, 48, 57, 32, 51, 50, 46, 56, 34, 50, 48, 49, 54, 45, 49, 48, 45, 49, 52, 32, 49, 50, 52, 46, 53, 34, 50, 48, 49, 54, 45, 49, 49, 45, 49, 49, 32, 50, 49, 51, 53, 46, 57, 52, 56, 34, 50, 48, 49, 54, 45, 49, 49, 45, 49, 49, 32, 50, 53, 54, 46, 50, 57, 54, 49, 34, 50, 48, 49, 55, 45, 48, 49, 45, 50, 55, 32, 49, 54, 51, 53, 46, 51, 34, 50, 48, 49, 55, 45, 48, 51, 45, 48, 50, 32, 49, 54, 52, 52, 46, 52, 57, 34, 50, 48, 49, 55, 45, 48, 51, 45, 50, 57, 32, 49, 54, 51, 53, 46, 51, 34, 50, 48, 49, 55, 45, 48, 52, 45, 50, 56, 32, 49, 54, 52, 49, 46, 56, 52, 34, 50, 48, 49, 55, 45, 48, 53, 45, 49, 54, 32, 49, 50, 50, 53, 46, 51, 50, 34, 50, 48, 49, 55, 45, 48, 53, 45, 51, 48, 32, 49, 54, 51, 56, 46, 53, 55, 34, 50, 48, 49, 55, 45, 48, 54, 45, 49, 50, 32, 50, 49, 48, 34, 50, 48, 49, 55, 45, 48, 54, 45, 51, 48, 32, 49, 54, 51, 55, 46, 52, 56, 34, 50, 48, 49, 55, 45, 48, 55, 45, 50, 56, 32, 49, 54, 50, 56, 46, 55, 49, 34, 50, 48, 49, 55, 45, 48, 56, 45, 50, 57, 32, 49, 54, 51, 55, 46, 48, 55, 34, 50, 48, 49, 55, 45, 48, 57, 45, 50, 57, 32, 49, 54, 51, 51, 46, 56, 34, 50, 48, 49, 55, 45, 49, 48, 45, 51, 48, 32, 49, 54, 53, 56, 46, 55, 56, 34, 50, 48, 49, 55, 45, 49, 49, 45, 50, 57, 32, 49, 54, 53, 57, 46, 50, 53, 34, 50, 48, 49, 55, 45, 49, 50, 45, 49, 56, 32, 49, 50, 51, 55, 46, 55, 34, 50, 48, 49, 55, 45, 49, 50, 45, 50, 57, 32, 49, 54, 49, 56, 46, 54, 52, 34, 50, 48, 49, 55, 45, 48, 49, 45, 48, 50, 32, 54, 46, 56, 34, 50, 48, 49, 55, 45, 48, 49, 45, 48, 50, 32, 57, 46, 49, 49, 34, 50, 48, 49, 55, 45, 48, 52, 45, 48, 51, 32, 49, 46, 49, 53, 34, 50, 48, 49, 55, 45, 48, 55, 45, 48, 51, 32, 49, 46, 49, 52, 34, 50, 48, 49, 55, 45, 49, 48, 45, 48, 50, 32, 52, 46, 51, 51, 34, 50, 48, 49, 55, 45, 48, 49, 45, 49, 49, 32, 52, 54, 56, 46, 51, 34, 50, 48, 49, 55, 45, 48, 53, 45, 49, 50, 32, 55, 48, 46, 54, 34, 50, 48, 49, 55, 45, 48, 53, 45, 49, 54, 32, 49, 51, 50, 46, 52, 56, 34, 50, 48, 49, 55, 45, 48, 53, 45, 49, 56, 32, 49, 50, 52, 46, 53, 34, 50, 48, 49, 55, 45, 48, 54, 45, 48, 49, 32, 50, 56, 54, 34, 50, 48, 49, 55, 45, 49, 48, 45, 49, 51, 32, 56, 55, 46, 49, 53, 34, 50, 48, 49, 56, 45, 48, 49, 45, 50, 53, 32, 51, 52, 55, 46, 55, 50, 34, 50, 48, 49, 56, 45, 48, 49, 45, 51, 49, 32, 49, 55, 48, 54, 46, 51, 57, 34, 50, 48, 49, 56, 45, 48, 51, 45, 48, 49, 32, 49, 55, 49, 53, 46, 55, 57, 34, 50, 48, 49, 56, 45, 48, 52, 45, 48, 51, 32, 49, 55, 48, 54, 46, 53, 52, 34, 50, 48, 49, 56, 45, 48, 52, 45, 50, 54, 32, 48, 46, 48, 49, 34, 50, 48, 49, 56, 45, 48, 52, 45, 50, 54, 32, 48, 46, 48, 50, 34, 50, 48, 49, 56, 45, 48, 52, 45, 51, 48, 32, 49, 55, 49, 53, 46, 57, 52, 34, 50, 48, 49, 56, 45, 48, 53, 45, 48, 55, 32, 48, 46, 48, 49, 34, 50, 48, 49, 56, 45, 48, 53, 45, 48, 55, 32, 48, 46, 48, 49, 34, 50, 48, 49, 56, 45, 48, 53, 45, 48, 55, 32, 48, 46, 48, 49, 34, 50, 48, 49, 56, 45, 48, 53, 45, 48, 55, 32, 48, 46, 48, 49, 34, 50, 48, 49, 56, 45, 48, 53, 45, 49, 54, 32, 49, 50, 54, 49, 46, 52, 55, 34, 50, 48, 49, 56, 45, 48, 53, 45, 51, 48, 32, 49, 55, 48, 56, 46, 55, 50, 34, 50, 48, 49, 56, 45, 48, 54, 45, 48, 56, 32, 56, 48, 34, 50, 48, 49, 56, 45, 48, 54, 45, 49, 52, 32, 50, 48, 34, 50, 48, 49, 56, 45, 48, 54, 45, 50, 57, 32, 49, 55, 57, 56, 46, 50, 51, 34, 50, 48, 49, 56, 45, 48, 55, 45, 51, 49, 32, 49, 55, 57, 49, 46, 54, 57, 34, 50, 48, 49, 56, 45, 48, 56, 45, 51, 48, 32, 49, 55, 57, 56, 46, 50, 51, 34, 50, 48, 49, 56, 45, 48, 57, 45, 50, 56, 32, 49, 55, 57, 51, 46, 56, 55, 34, 50, 48, 49, 56, 45, 49, 48, 45, 51, 49, 32, 49, 55, 57, 51, 46, 56, 55, 34, 50, 48, 49, 56, 45, 49, 49, 45, 51, 48, 32, 49, 55, 57, 55, 46, 49, 52, 34, 50, 48, 49, 56, 45, 49, 50, 45, 49, 56, 32, 49, 51, 53, 48, 46, 50, 51, 34, 50, 48, 49, 56, 45, 49, 50, 45, 50, 52, 32, 52, 48, 34, 50, 48, 49, 56, 45, 49, 50, 45, 51, 49, 32, 49, 55, 54, 57, 46, 54, 34, 50, 48, 49, 56, 45, 48, 49, 45, 48, 50, 32, 48, 46, 57, 51, 34, 50, 48, 49, 56, 45, 48, 51, 45, 49, 57, 32, 54, 48, 48, 48, 34, 50, 48, 49, 56, 45, 48, 52, 45, 48, 51, 32, 48, 46, 57, 34, 50, 48, 49, 56, 45, 48, 55, 45, 48, 50, 32, 49, 46, 49, 52, 34, 50, 48, 49, 56, 45, 49, 48, 45, 48, 49, 32, 52, 46, 48, 57, 34, 50, 48, 49, 56, 45, 48, 53, 45, 48, 52, 32, 53, 49, 53, 46, 48, 52, 34, 50, 48, 49, 56, 45, 48, 53, 45, 48, 52, 32, 54, 54, 46, 48, 50, 34, 50, 48, 49, 56, 45, 48, 53, 45, 49, 53, 32, 50, 56, 54, 34, 50, 48, 49, 56, 45, 48, 53, 45, 50, 51, 32, 49, 52, 54, 46, 50, 56, 34, 50, 48, 49, 56, 45, 48, 53, 45, 50, 52, 32, 56, 55, 46, 49, 53, 34, 50, 48, 49, 56, 45, 48, 55, 45, 48, 52, 32, 50, 54, 46, 57, 49, 34, 50, 48, 49, 56, 45, 48, 57, 45, 48, 55, 32, 51, 51, 50, 46, 54, 52, 34, 50, 48, 49, 56, 45, 48, 57, 45, 49, 52, 32, 53, 55, 48, 52, 46, 51, 55, 34, 50, 48, 49, 56, 45, 48, 57, 45, 50, 49, 32, 49, 49, 48, 48, 46, 51, 53, 53, 34, 50, 48, 49, 56, 45, 48, 57, 45, 50, 56, 32, 53, 54, 49, 52, 46, 52, 51, 50, 52, 34, 50, 48, 49, 56, 45, 49, 48, 45, 49, 50, 32, 57, 50, 46, 49, 51, 34, 50, 48, 49, 56, 45, 49, 48, 45, 49, 56, 32, 53, 48, 34, 50, 48, 49, 56, 45, 49, 50, 45, 48, 53, 32, 48, 46, 48, 53, 34, 50, 48, 49, 57, 45, 49, 48, 45, 48, 49, 32, 49, 53, 48, 34, 50, 48, 49, 57, 45, 48, 49, 45, 51, 48, 32, 49, 56, 53, 55, 46, 49, 34, 50, 48, 49, 57, 45, 48, 50, 45, 50, 53, 32, 51, 54, 51, 46, 56, 34, 50, 48, 49, 57, 45, 48, 50, 45, 50, 56, 32, 49, 56, 53, 56, 46, 56, 56, 34, 50, 48, 49, 57, 45, 48, 51, 45, 50, 57, 32, 49, 56, 53, 51, 46, 56, 51, 34, 50, 48, 49, 57, 45, 48, 53, 45, 48, 50, 32, 49, 56, 53, 55, 46, 55, 57, 34, 50, 48, 49, 57, 45, 48, 53, 45, 49, 55, 32, 49, 51, 56, 48, 46, 54, 50, 34, 50, 48, 49, 57, 45, 48, 53, 45, 50, 56, 32, 49, 56, 53, 49, 46, 54, 53, 34, 50, 48, 49, 57, 45, 48, 53, 45, 50, 57, 32, 49, 50, 53, 34, 50, 48, 49, 57, 45, 48, 54, 45, 50, 55, 32, 49, 56, 53, 57, 46, 57, 55, 34, 50, 48, 49, 57, 45, 48, 55, 45, 50, 57, 32, 49, 56, 54, 50, 46, 53, 53, 34, 50, 48, 49, 57, 45, 48, 56, 45, 50, 57, 32, 50, 50, 51, 56, 46, 55, 55, 34, 50, 48, 49, 57, 45, 48, 57, 45, 50, 55, 32, 49, 57, 56, 49, 46, 54, 53, 34, 50, 48, 49, 57, 45, 49, 48, 45, 50, 57, 32, 49, 57, 56, 49, 46, 54, 52, 34, 50, 48, 49, 57, 45, 49, 49, 45, 50, 56, 32, 49, 57, 56, 56, 46, 49, 57, 34, 50, 48, 49, 57, 45, 49, 50, 45, 49, 54, 32, 49, 53, 49, 51, 46, 49, 57, 34, 50, 48, 49, 57, 45, 49, 50, 45, 50, 55, 32, 50, 48, 48, 51, 46, 49, 50, 34, 50, 48, 49, 57, 45, 48, 49, 45, 48, 50, 32, 48, 46, 55, 56, 34, 50, 48, 49, 57, 45, 48, 52, 45, 48, 49, 32, 48, 46, 49, 53, 34, 50, 48, 49, 57, 45, 48, 55, 45, 48, 49, 32, 51, 46, 55, 51, 34, 50, 48, 49, 57, 45, 48, 53, 45, 48, 54, 32, 50, 57, 56, 48, 46, 57, 53, 34, 50, 48, 49, 57, 45, 48, 53, 45, 49, 53, 32, 49, 52, 51, 46, 53, 50, 34, 50, 48, 49, 57, 45, 48, 53, 45, 49, 53, 32, 57, 57, 46, 55, 52, 34, 50, 48, 49, 57, 45, 48, 53, 45, 50, 51, 32, 49, 56, 54, 46, 55, 53, 34, 50, 48, 49, 57, 45, 49, 48, 45, 50, 53, 32, 49, 56, 54, 48, 46, 49, 56, 56, 48, 52, 55, 34, 50, 48, 49, 57, 45, 49, 48, 45, 48, 51, 32, 48, 46, 48, 53, 34, 50, 48, 49, 57, 45, 49, 50, 45, 48, 52, 32, 48, 46, 48, 53, 34, 50, 48, 49, 57, 45, 48, 53, 45, 48, 54, 32, 51, 57, 52, 46, 49, 50, 34, 50, 48, 50, 48, 45, 48, 49, 45, 50, 56, 32, 50, 48, 48, 48, 46, 51, 52, 34, 50, 48, 50, 48, 45, 48, 50, 45, 48, 51, 32, 49, 48, 48, 34, 50, 48, 50, 48, 45, 48, 50, 45, 49, 48, 32, 53, 50, 49, 46, 53, 56, 34, 50, 48, 50, 48, 45, 48, 50, 45, 50, 54, 32, 50, 48, 48, 49, 46, 56, 56, 34, 50, 48, 50, 48, 45, 48, 51, 45, 50, 55, 32, 49, 57, 57, 51, 46, 53, 54, 34, 50, 48, 50, 48, 45, 48, 52, 45, 50, 56, 32, 49, 57, 57, 51, 46, 53, 55, 34, 50, 48, 50, 48, 45, 48, 53, 45, 49, 53, 32, 49, 53, 50, 54, 46, 54, 53, 34, 50, 48, 50, 48, 45, 48, 53, 45, 50, 54, 32, 49, 50, 53, 34, 50, 48, 50, 48, 45, 48, 53, 45, 50, 56, 32, 49, 57, 57, 54, 46, 56, 52, 34, 50, 48, 50, 48, 45, 48, 54, 45, 50, 57, 32, 49, 54, 53, 34, 50, 48, 50, 48, 45, 48, 54, 45, 51, 48, 32, 49, 57, 57, 51, 46, 53, 55, 34, 50, 48, 50, 48, 45, 48, 55, 45, 50, 56, 32, 49, 57, 57, 51, 46, 53, 55, 34, 50, 48, 50, 48, 45, 48, 56, 45, 50, 55, 32, 50, 48, 49, 49, 34, 50, 48, 50, 48, 45, 48, 57, 45, 50, 57, 32, 49, 57, 57, 51, 46, 53, 55, 34, 50, 48, 50, 48, 45, 49, 48, 45, 50, 57, 32, 49, 57, 57, 55, 46, 57, 51, 34, 50, 48, 50, 48, 45, 49, 49, 45, 48, 50, 32, 48, 46, 55, 54, 34, 50, 48, 50, 48, 45, 49, 49, 45, 48, 52, 32, 54, 48, 34, 50, 48, 50, 48, 45, 49, 49, 45, 48, 57, 32, 50, 53, 34, 50, 48, 50, 48, 45, 49, 49, 45, 50, 54, 32, 50, 48, 48, 48, 46, 49, 34, 50, 48, 50, 48, 45, 49, 50, 45, 48, 49, 32, 54, 53, 34, 50, 48, 50, 48, 45, 49, 50, 45, 49, 48, 32, 55, 48, 48, 48, 34, 50, 48, 50, 48, 45, 49, 50, 45, 49, 53, 32, 49, 53, 50, 53, 46, 51, 34, 50, 48, 50, 48, 45, 49, 50, 45, 50, 56, 32, 50, 48, 48, 57, 46, 56, 54, 34, 50, 48, 50, 48, 45, 48, 49, 45, 48, 50, 32, 48, 46, 54, 57, 34, 50, 48, 50, 48, 45, 48, 52, 45, 48, 49, 32, 51, 46, 50, 55, 34, 50, 48, 50, 48, 45, 48, 55, 45, 48, 49, 32, 50, 46, 48, 49, 34, 50, 48, 50, 48, 45, 48, 50, 45, 48, 53, 32, 49, 53, 48, 50, 48, 46, 48, 49, 49, 57, 52, 55, 52, 34, 50, 48, 50, 48, 45, 48, 51, 45, 50, 48, 32, 51, 56, 49, 54, 46, 52, 56, 55, 34, 50, 48, 50, 48, 45, 48, 53, 45, 48, 56, 32, 55, 57, 50, 46, 56, 53, 34, 50, 48, 50, 48, 45, 48, 55, 45, 50, 56, 32, 49, 53, 49, 50, 49, 46, 57, 53, 56, 52, 53, 55, 34, 50, 48, 50, 48, 45, 49, 49, 45, 50, 48, 32, 49, 53, 55, 56, 53, 34, 50, 48, 50, 48, 45, 48, 50, 45, 48, 54, 32, 48, 46, 48, 53, 34, 50, 48, 50, 48, 45, 48, 51, 45, 48, 54, 32, 48, 46, 48, 53, 34, 50, 48, 50, 48, 45, 48, 56, 45, 48, 52, 32, 48, 46, 48, 53, 34, 50, 48, 50, 48, 45, 48, 50, 45, 48, 53, 32, 53, 52, 50, 57, 46, 50, 34, 50, 48, 50, 48, 45, 48, 53, 45, 49, 49, 32, 49, 52, 53, 49, 46, 51, 55, 34, 50, 48, 50, 48, 45, 48, 55, 45, 50, 56, 32, 49, 52, 57, 53, 50, 46, 52, 55, 51, 57, 48, 52, 34, 50, 48, 50, 48, 45, 49, 49, 45, 50, 48, 32, 50, 56, 49, 54, 55]`', src/main.rs:116:7
ls
cargo build
./target/debug/ledgerplot --file=/home/rockwolf/doc/ledger-personal/ledger.dat --startyear=2008  --endyear=2021 --type=IncomeVsExpenses
ls
ls target/debug/
ls target/debug/ledgerplot.d 
ls target/debug/ledgerplot.d 
less target/debug/ledgerplot.d 
